# E,chi,corrlength
-1.000000000000000000e+00 -3.999999999999971578e+00 2.000000000000000000e+00 6.301468971904163052e-02
-9.375000000000000000e-01 -3.757812499999957367e+00 2.000000000000000000e+00 2.912066762199123637e-01
-8.750000000000000000e-01 -3.531250000000127898e+00 2.000000000000000000e+00 3.692693730684842301e-01
-8.125000000000000000e-01 -3.320312499999786837e+00 2.000000000000000000e+00 4.407842617921136075e-01
-7.500000000000000000e-01 -3.125000000000099476e+00 2.000000000000000000e+00 5.138983423698286757e-01
-6.875000000000000000e-01 -2.945312500000241585e+00 2.000000000000000000e+00 5.929794950852242952e-01
-6.250000000000000000e-01 -2.781250000000000000e+00 2.000000000000000000e+00 6.819714384106519978e-01
-5.625000000000000000e-01 -2.632812500000042633e+00 2.000000000000000000e+00 7.855671358627371870e-01
-5.000000000000000000e-01 -2.500000000000056843e+00 2.000000000000000000e+00 9.102392266267802512e-01
-4.375000000000000000e-01 -2.382812500000099476e+00 2.000000000000000000e+00 1.065791707274715616e+00
-3.750000000000000000e-01 -2.281250000000056843e+00 2.000000000000000000e+00 1.268299403709118645e+00
-3.125000000000000000e-01 -2.195312500000085265e+00 2.000000000000000000e+00 1.546486219947244223e+00
-2.500000000000000000e-01 -2.125000000000071054e+00 2.000000000000000000e+00 1.957615188971257858e+00
-1.875000000000000000e-01 -2.070312500000156319e+00 2.000000000000000000e+00 2.635118176638013843e+00
-1.250000000000000000e-01 -2.031250000000085265e+00 2.000000000000000000e+00 3.979079143366831328e+00
-6.250000000000000000e-02 -2.007812500000795808e+00 2.000000000000000000e+00 7.989572458957999501e+00
0.000000000000000000e+00 -2.000000000000007105e+00 1.000000000000000000e+00 0.000000000000000000e+00
6.250000000000000000e-02 -2.007812499999658939e+00 2.000000000000000000e+00 7.989572460362489359e+00
1.250000000000000000e-01 -2.031250000000085265e+00 2.000000000000000000e+00 3.979079143364274707e+00
1.875000000000000000e-01 -2.070312500000071054e+00 2.000000000000000000e+00 2.635118176637931242e+00
2.500000000000000000e-01 -2.124999999999801048e+00 2.000000000000000000e+00 1.957615188971038922e+00
3.125000000000000000e-01 -2.195312500000213163e+00 2.000000000000000000e+00 1.546486219947139418e+00
3.750000000000000000e-01 -2.281249999999801048e+00 2.000000000000000000e+00 1.268299403709011619e+00
4.375000000000000000e-01 -2.382812500000113687e+00 2.000000000000000000e+00 1.065791707274838629e+00
5.000000000000000000e-01 -2.500000000000270006e+00 2.000000000000000000e+00 9.102392266267955723e-01
5.625000000000000000e-01 -2.632812499999914735e+00 2.000000000000000000e+00 7.855671358624748413e-01
6.250000000000000000e-01 -2.781250000000284217e+00 2.000000000000000000e+00 6.819714384106601024e-01
6.875000000000000000e-01 -2.945312500000042633e+00 2.000000000000000000e+00 5.929794950850418855e-01
7.500000000000000000e-01 -3.125000000000213163e+00 2.000000000000000000e+00 5.138983423700024256e-01
8.125000000000000000e-01 -3.320312500000369482e+00 2.000000000000000000e+00 4.407842617920405548e-01
8.750000000000000000e-01 -3.531249999999857891e+00 2.000000000000000000e+00 3.692693730688620390e-01
9.375000000000000000e-01 -3.757812499999715783e+00 2.000000000000000000e+00 2.912066762199989056e-01
1.000000000000000000e+00 -4.000000000000056843e+00 1.000000000000000000e+00 0.000000000000000000e+00
