0.000000000000000000e+00 0.000000000000000000e+00
1.666666666666666574e-01 0.000000000000000000e+00
3.333333333333333148e-01 0.000000000000000000e+00
5.000000000000000000e-01 0.000000000000000000e+00
6.666666666666666297e-01 0.000000000000000000e+00
8.333333333333332593e-01 0.000000000000000000e+00
1.000000000000000000e+00 0.000000000000000000e+00
1.166666666666666519e+00 0.000000000000000000e+00
1.333333333333333259e+00 0.000000000000000000e+00
1.500000000000000000e+00 0.000000000000000000e+00
1.666666666666666519e+00 0.000000000000000000e+00
1.833333333333333259e+00 0.000000000000000000e+00
2.000000000000000000e+00 0.000000000000000000e+00
2.166666666666666519e+00 0.000000000000000000e+00
2.333333333333333037e+00 0.000000000000000000e+00
2.500000000000000000e+00 0.000000000000000000e+00
2.666666666666666519e+00 0.000000000000000000e+00
2.833333333333333037e+00 0.000000000000000000e+00
3.000000000000000000e+00 0.000000000000000000e+00
3.166666666666666519e+00 0.000000000000000000e+00
3.333333333333333037e+00 0.000000000000000000e+00
3.500000000000000000e+00 0.000000000000000000e+00
3.666666666666666519e+00 0.000000000000000000e+00
3.833333333333333037e+00 0.000000000000000000e+00
4.000000000000000000e+00 0.000000000000000000e+00
0.000000000000000000e+00 1.666666666666666574e-01
1.666666666666666574e-01 1.666666666666666574e-01
3.333333333333333148e-01 1.666666666666666574e-01
5.000000000000000000e-01 1.666666666666666574e-01
6.666666666666666297e-01 1.666666666666666574e-01
8.333333333333332593e-01 1.666666666666666574e-01
1.000000000000000000e+00 1.666666666666666574e-01
1.166666666666666519e+00 1.666666666666666574e-01
1.333333333333333259e+00 1.666666666666666574e-01
1.500000000000000000e+00 1.666666666666666574e-01
1.666666666666666519e+00 1.666666666666666574e-01
1.833333333333333259e+00 1.666666666666666574e-01
2.000000000000000000e+00 1.666666666666666574e-01
2.166666666666666519e+00 1.666666666666666574e-01
2.333333333333333037e+00 1.666666666666666574e-01
2.500000000000000000e+00 1.666666666666666574e-01
2.666666666666666519e+00 1.666666666666666574e-01
2.833333333333333037e+00 1.666666666666666574e-01
3.000000000000000000e+00 1.666666666666666574e-01
3.166666666666666519e+00 1.666666666666666574e-01
3.333333333333333037e+00 1.666666666666666574e-01
3.500000000000000000e+00 1.666666666666666574e-01
3.666666666666666519e+00 1.666666666666666574e-01
3.833333333333333037e+00 1.666666666666666574e-01
0.000000000000000000e+00 3.333333333333333148e-01
1.666666666666666574e-01 3.333333333333333148e-01
3.333333333333333148e-01 3.333333333333333148e-01
5.000000000000000000e-01 3.333333333333333148e-01
6.666666666666666297e-01 3.333333333333333148e-01
8.333333333333332593e-01 3.333333333333333148e-01
1.000000000000000000e+00 3.333333333333333148e-01
1.166666666666666519e+00 3.333333333333333148e-01
1.333333333333333259e+00 3.333333333333333148e-01
1.500000000000000000e+00 3.333333333333333148e-01
1.666666666666666519e+00 3.333333333333333148e-01
1.833333333333333259e+00 3.333333333333333148e-01
2.000000000000000000e+00 3.333333333333333148e-01
2.166666666666666519e+00 3.333333333333333148e-01
2.333333333333333037e+00 3.333333333333333148e-01
2.500000000000000000e+00 3.333333333333333148e-01
2.666666666666666519e+00 3.333333333333333148e-01
2.833333333333333037e+00 3.333333333333333148e-01
3.000000000000000000e+00 3.333333333333333148e-01
3.166666666666666519e+00 3.333333333333333148e-01
3.333333333333333037e+00 3.333333333333333148e-01
3.500000000000000000e+00 3.333333333333333148e-01
3.666666666666666519e+00 3.333333333333333148e-01
0.000000000000000000e+00 5.000000000000000000e-01
1.666666666666666574e-01 5.000000000000000000e-01
3.333333333333333148e-01 5.000000000000000000e-01
5.000000000000000000e-01 5.000000000000000000e-01
6.666666666666666297e-01 5.000000000000000000e-01
8.333333333333332593e-01 5.000000000000000000e-01
1.000000000000000000e+00 5.000000000000000000e-01
1.166666666666666519e+00 5.000000000000000000e-01
1.333333333333333259e+00 5.000000000000000000e-01
1.500000000000000000e+00 5.000000000000000000e-01
1.666666666666666519e+00 5.000000000000000000e-01
1.833333333333333259e+00 5.000000000000000000e-01
2.000000000000000000e+00 5.000000000000000000e-01
2.166666666666666519e+00 5.000000000000000000e-01
2.333333333333333037e+00 5.000000000000000000e-01
2.500000000000000000e+00 5.000000000000000000e-01
2.666666666666666519e+00 5.000000000000000000e-01
2.833333333333333037e+00 5.000000000000000000e-01
3.000000000000000000e+00 5.000000000000000000e-01
3.166666666666666519e+00 5.000000000000000000e-01
3.333333333333333037e+00 5.000000000000000000e-01
3.500000000000000000e+00 5.000000000000000000e-01
0.000000000000000000e+00 6.666666666666666297e-01
1.666666666666666574e-01 6.666666666666666297e-01
3.333333333333333148e-01 6.666666666666666297e-01
5.000000000000000000e-01 6.666666666666666297e-01
6.666666666666666297e-01 6.666666666666666297e-01
8.333333333333332593e-01 6.666666666666666297e-01
1.000000000000000000e+00 6.666666666666666297e-01
1.166666666666666519e+00 6.666666666666666297e-01
1.333333333333333259e+00 6.666666666666666297e-01
1.500000000000000000e+00 6.666666666666666297e-01
1.666666666666666519e+00 6.666666666666666297e-01
1.833333333333333259e+00 6.666666666666666297e-01
2.000000000000000000e+00 6.666666666666666297e-01
2.166666666666666519e+00 6.666666666666666297e-01
2.333333333333333037e+00 6.666666666666666297e-01
2.500000000000000000e+00 6.666666666666666297e-01
2.666666666666666519e+00 6.666666666666666297e-01
2.833333333333333037e+00 6.666666666666666297e-01
3.000000000000000000e+00 6.666666666666666297e-01
3.166666666666666519e+00 6.666666666666666297e-01
3.333333333333333037e+00 6.666666666666666297e-01
0.000000000000000000e+00 8.333333333333332593e-01
1.666666666666666574e-01 8.333333333333332593e-01
3.333333333333333148e-01 8.333333333333332593e-01
5.000000000000000000e-01 8.333333333333332593e-01
6.666666666666666297e-01 8.333333333333332593e-01
8.333333333333332593e-01 8.333333333333332593e-01
1.000000000000000000e+00 8.333333333333332593e-01
1.166666666666666519e+00 8.333333333333332593e-01
1.333333333333333259e+00 8.333333333333332593e-01
1.500000000000000000e+00 8.333333333333332593e-01
1.666666666666666519e+00 8.333333333333332593e-01
1.833333333333333259e+00 8.333333333333332593e-01
2.000000000000000000e+00 8.333333333333332593e-01
2.166666666666666519e+00 8.333333333333332593e-01
2.333333333333333037e+00 8.333333333333332593e-01
2.500000000000000000e+00 8.333333333333332593e-01
2.666666666666666519e+00 8.333333333333332593e-01
2.833333333333333037e+00 8.333333333333332593e-01
3.000000000000000000e+00 8.333333333333332593e-01
3.166666666666666519e+00 8.333333333333332593e-01
0.000000000000000000e+00 1.000000000000000000e+00
1.666666666666666574e-01 1.000000000000000000e+00
3.333333333333333148e-01 1.000000000000000000e+00
5.000000000000000000e-01 1.000000000000000000e+00
6.666666666666666297e-01 1.000000000000000000e+00
8.333333333333332593e-01 1.000000000000000000e+00
1.000000000000000000e+00 1.000000000000000000e+00
1.166666666666666519e+00 1.000000000000000000e+00
1.333333333333333259e+00 1.000000000000000000e+00
1.500000000000000000e+00 1.000000000000000000e+00
1.666666666666666519e+00 1.000000000000000000e+00
1.833333333333333259e+00 1.000000000000000000e+00
2.000000000000000000e+00 1.000000000000000000e+00
2.166666666666666519e+00 1.000000000000000000e+00
2.333333333333333037e+00 1.000000000000000000e+00
2.500000000000000000e+00 1.000000000000000000e+00
2.666666666666666519e+00 1.000000000000000000e+00
2.833333333333333037e+00 1.000000000000000000e+00
3.000000000000000000e+00 1.000000000000000000e+00
0.000000000000000000e+00 1.166666666666666519e+00
1.666666666666666574e-01 1.166666666666666519e+00
3.333333333333333148e-01 1.166666666666666519e+00
5.000000000000000000e-01 1.166666666666666519e+00
6.666666666666666297e-01 1.166666666666666519e+00
8.333333333333332593e-01 1.166666666666666519e+00
1.000000000000000000e+00 1.166666666666666519e+00
1.166666666666666519e+00 1.166666666666666519e+00
1.333333333333333259e+00 1.166666666666666519e+00
1.500000000000000000e+00 1.166666666666666519e+00
1.666666666666666519e+00 1.166666666666666519e+00
1.833333333333333259e+00 1.166666666666666519e+00
2.000000000000000000e+00 1.166666666666666519e+00
2.166666666666666519e+00 1.166666666666666519e+00
2.333333333333333037e+00 1.166666666666666519e+00
2.500000000000000000e+00 1.166666666666666519e+00
2.666666666666666519e+00 1.166666666666666519e+00
2.833333333333333037e+00 1.166666666666666519e+00
0.000000000000000000e+00 1.333333333333333259e+00
1.666666666666666574e-01 1.333333333333333259e+00
3.333333333333333148e-01 1.333333333333333259e+00
5.000000000000000000e-01 1.333333333333333259e+00
6.666666666666666297e-01 1.333333333333333259e+00
8.333333333333332593e-01 1.333333333333333259e+00
1.000000000000000000e+00 1.333333333333333259e+00
1.166666666666666519e+00 1.333333333333333259e+00
1.333333333333333259e+00 1.333333333333333259e+00
1.500000000000000000e+00 1.333333333333333259e+00
1.666666666666666519e+00 1.333333333333333259e+00
1.833333333333333259e+00 1.333333333333333259e+00
2.000000000000000000e+00 1.333333333333333259e+00
2.166666666666666519e+00 1.333333333333333259e+00
2.333333333333333037e+00 1.333333333333333259e+00
2.500000000000000000e+00 1.333333333333333259e+00
2.666666666666666519e+00 1.333333333333333259e+00
0.000000000000000000e+00 1.500000000000000000e+00
1.666666666666666574e-01 1.500000000000000000e+00
3.333333333333333148e-01 1.500000000000000000e+00
5.000000000000000000e-01 1.500000000000000000e+00
6.666666666666666297e-01 1.500000000000000000e+00
8.333333333333332593e-01 1.500000000000000000e+00
1.000000000000000000e+00 1.500000000000000000e+00
1.166666666666666519e+00 1.500000000000000000e+00
1.333333333333333259e+00 1.500000000000000000e+00
1.500000000000000000e+00 1.500000000000000000e+00
1.666666666666666519e+00 1.500000000000000000e+00
1.833333333333333259e+00 1.500000000000000000e+00
2.000000000000000000e+00 1.500000000000000000e+00
2.166666666666666519e+00 1.500000000000000000e+00
2.333333333333333037e+00 1.500000000000000000e+00
2.500000000000000000e+00 1.500000000000000000e+00
0.000000000000000000e+00 1.666666666666666519e+00
1.666666666666666574e-01 1.666666666666666519e+00
3.333333333333333148e-01 1.666666666666666519e+00
5.000000000000000000e-01 1.666666666666666519e+00
6.666666666666666297e-01 1.666666666666666519e+00
8.333333333333332593e-01 1.666666666666666519e+00
1.000000000000000000e+00 1.666666666666666519e+00
1.166666666666666519e+00 1.666666666666666519e+00
1.333333333333333259e+00 1.666666666666666519e+00
1.500000000000000000e+00 1.666666666666666519e+00
1.666666666666666519e+00 1.666666666666666519e+00
1.833333333333333259e+00 1.666666666666666519e+00
2.000000000000000000e+00 1.666666666666666519e+00
2.166666666666666519e+00 1.666666666666666519e+00
2.333333333333333037e+00 1.666666666666666519e+00
0.000000000000000000e+00 1.833333333333333259e+00
1.666666666666666574e-01 1.833333333333333259e+00
3.333333333333333148e-01 1.833333333333333259e+00
5.000000000000000000e-01 1.833333333333333259e+00
6.666666666666666297e-01 1.833333333333333259e+00
8.333333333333332593e-01 1.833333333333333259e+00
1.000000000000000000e+00 1.833333333333333259e+00
1.166666666666666519e+00 1.833333333333333259e+00
1.333333333333333259e+00 1.833333333333333259e+00
1.500000000000000000e+00 1.833333333333333259e+00
1.666666666666666519e+00 1.833333333333333259e+00
1.833333333333333259e+00 1.833333333333333259e+00
2.000000000000000000e+00 1.833333333333333259e+00
2.166666666666666519e+00 1.833333333333333259e+00
0.000000000000000000e+00 2.000000000000000000e+00
1.666666666666666574e-01 2.000000000000000000e+00
3.333333333333333148e-01 2.000000000000000000e+00
5.000000000000000000e-01 2.000000000000000000e+00
6.666666666666666297e-01 2.000000000000000000e+00
8.333333333333332593e-01 2.000000000000000000e+00
1.000000000000000000e+00 2.000000000000000000e+00
1.166666666666666519e+00 2.000000000000000000e+00
1.333333333333333259e+00 2.000000000000000000e+00
1.500000000000000000e+00 2.000000000000000000e+00
1.666666666666666519e+00 2.000000000000000000e+00
1.833333333333333259e+00 2.000000000000000000e+00
2.000000000000000000e+00 2.000000000000000000e+00
0.000000000000000000e+00 2.166666666666666519e+00
1.666666666666666574e-01 2.166666666666666519e+00
3.333333333333333148e-01 2.166666666666666519e+00
5.000000000000000000e-01 2.166666666666666519e+00
6.666666666666666297e-01 2.166666666666666519e+00
8.333333333333332593e-01 2.166666666666666519e+00
1.000000000000000000e+00 2.166666666666666519e+00
1.166666666666666519e+00 2.166666666666666519e+00
1.333333333333333259e+00 2.166666666666666519e+00
1.500000000000000000e+00 2.166666666666666519e+00
1.666666666666666519e+00 2.166666666666666519e+00
1.833333333333333259e+00 2.166666666666666519e+00
0.000000000000000000e+00 2.333333333333333037e+00
1.666666666666666574e-01 2.333333333333333037e+00
3.333333333333333148e-01 2.333333333333333037e+00
5.000000000000000000e-01 2.333333333333333037e+00
6.666666666666666297e-01 2.333333333333333037e+00
8.333333333333332593e-01 2.333333333333333037e+00
1.000000000000000000e+00 2.333333333333333037e+00
1.166666666666666519e+00 2.333333333333333037e+00
1.333333333333333259e+00 2.333333333333333037e+00
1.500000000000000000e+00 2.333333333333333037e+00
1.666666666666666519e+00 2.333333333333333037e+00
0.000000000000000000e+00 2.500000000000000000e+00
1.666666666666666574e-01 2.500000000000000000e+00
3.333333333333333148e-01 2.500000000000000000e+00
5.000000000000000000e-01 2.500000000000000000e+00
6.666666666666666297e-01 2.500000000000000000e+00
8.333333333333332593e-01 2.500000000000000000e+00
1.000000000000000000e+00 2.500000000000000000e+00
1.166666666666666519e+00 2.500000000000000000e+00
1.333333333333333259e+00 2.500000000000000000e+00
1.500000000000000000e+00 2.500000000000000000e+00
0.000000000000000000e+00 2.666666666666666519e+00
1.666666666666666574e-01 2.666666666666666519e+00
3.333333333333333148e-01 2.666666666666666519e+00
5.000000000000000000e-01 2.666666666666666519e+00
6.666666666666666297e-01 2.666666666666666519e+00
8.333333333333332593e-01 2.666666666666666519e+00
1.000000000000000000e+00 2.666666666666666519e+00
1.166666666666666519e+00 2.666666666666666519e+00
1.333333333333333259e+00 2.666666666666666519e+00
0.000000000000000000e+00 2.833333333333333037e+00
1.666666666666666574e-01 2.833333333333333037e+00
3.333333333333333148e-01 2.833333333333333037e+00
5.000000000000000000e-01 2.833333333333333037e+00
6.666666666666666297e-01 2.833333333333333037e+00
8.333333333333332593e-01 2.833333333333333037e+00
1.000000000000000000e+00 2.833333333333333037e+00
1.166666666666666519e+00 2.833333333333333037e+00
0.000000000000000000e+00 3.000000000000000000e+00
1.666666666666666574e-01 3.000000000000000000e+00
3.333333333333333148e-01 3.000000000000000000e+00
5.000000000000000000e-01 3.000000000000000000e+00
6.666666666666666297e-01 3.000000000000000000e+00
8.333333333333332593e-01 3.000000000000000000e+00
1.000000000000000000e+00 3.000000000000000000e+00
0.000000000000000000e+00 3.166666666666666519e+00
1.666666666666666574e-01 3.166666666666666519e+00
3.333333333333333148e-01 3.166666666666666519e+00
5.000000000000000000e-01 3.166666666666666519e+00
6.666666666666666297e-01 3.166666666666666519e+00
8.333333333333332593e-01 3.166666666666666519e+00
0.000000000000000000e+00 3.333333333333333037e+00
1.666666666666666574e-01 3.333333333333333037e+00
3.333333333333333148e-01 3.333333333333333037e+00
5.000000000000000000e-01 3.333333333333333037e+00
6.666666666666666297e-01 3.333333333333333037e+00
0.000000000000000000e+00 3.500000000000000000e+00
1.666666666666666574e-01 3.500000000000000000e+00
3.333333333333333148e-01 3.500000000000000000e+00
5.000000000000000000e-01 3.500000000000000000e+00
0.000000000000000000e+00 3.666666666666666519e+00
1.666666666666666574e-01 3.666666666666666519e+00
3.333333333333333148e-01 3.666666666666666519e+00
0.000000000000000000e+00 3.833333333333333037e+00
1.666666666666666574e-01 3.833333333333333037e+00
0.000000000000000000e+00 4.000000000000000000e+00
