0.000000000000000000e+00 0.000000000000000000e+00
1.700000000000000122e-01 0.000000000000000000e+00
3.300000000000000155e-01 0.000000000000000000e+00
5.000000000000000000e-01 0.000000000000000000e+00
6.700000000000000400e-01 0.000000000000000000e+00
8.299999999999999600e-01 0.000000000000000000e+00
1.000000000000000000e+00 0.000000000000000000e+00
1.169999999999999929e+00 0.000000000000000000e+00
1.330000000000000071e+00 0.000000000000000000e+00
1.500000000000000000e+00 0.000000000000000000e+00
1.669999999999999929e+00 0.000000000000000000e+00
1.830000000000000071e+00 0.000000000000000000e+00
2.000000000000000000e+00 0.000000000000000000e+00
2.169999999999999929e+00 0.000000000000000000e+00
2.330000000000000071e+00 0.000000000000000000e+00
2.500000000000000000e+00 0.000000000000000000e+00
2.669999999999999929e+00 0.000000000000000000e+00
2.830000000000000071e+00 0.000000000000000000e+00
3.000000000000000000e+00 0.000000000000000000e+00
3.169999999999999929e+00 0.000000000000000000e+00
3.330000000000000071e+00 0.000000000000000000e+00
3.500000000000000000e+00 0.000000000000000000e+00
3.669999999999999929e+00 0.000000000000000000e+00
3.830000000000000071e+00 0.000000000000000000e+00
4.000000000000000000e+00 0.000000000000000000e+00
0.000000000000000000e+00 1.700000000000000122e-01
1.700000000000000122e-01 1.700000000000000122e-01
3.300000000000000155e-01 1.700000000000000122e-01
5.000000000000000000e-01 1.700000000000000122e-01
6.700000000000000400e-01 1.700000000000000122e-01
8.299999999999999600e-01 1.700000000000000122e-01
1.000000000000000000e+00 1.700000000000000122e-01
1.169999999999999929e+00 1.700000000000000122e-01
1.330000000000000071e+00 1.700000000000000122e-01
1.500000000000000000e+00 1.700000000000000122e-01
1.669999999999999929e+00 1.700000000000000122e-01
1.830000000000000071e+00 1.700000000000000122e-01
2.000000000000000000e+00 1.700000000000000122e-01
2.169999999999999929e+00 1.700000000000000122e-01
2.330000000000000071e+00 1.700000000000000122e-01
2.500000000000000000e+00 1.700000000000000122e-01
2.669999999999999929e+00 1.700000000000000122e-01
2.830000000000000071e+00 1.700000000000000122e-01
3.000000000000000000e+00 1.700000000000000122e-01
3.169999999999999929e+00 1.700000000000000122e-01
3.330000000000000071e+00 1.700000000000000122e-01
3.500000000000000000e+00 1.700000000000000122e-01
3.669999999999999929e+00 1.700000000000000122e-01
3.830000000000000071e+00 1.700000000000000122e-01
0.000000000000000000e+00 3.300000000000000155e-01
1.700000000000000122e-01 3.300000000000000155e-01
3.300000000000000155e-01 3.300000000000000155e-01
5.000000000000000000e-01 3.300000000000000155e-01
6.700000000000000400e-01 3.300000000000000155e-01
8.299999999999999600e-01 3.300000000000000155e-01
1.000000000000000000e+00 3.300000000000000155e-01
1.169999999999999929e+00 3.300000000000000155e-01
1.330000000000000071e+00 3.300000000000000155e-01
1.500000000000000000e+00 3.300000000000000155e-01
1.669999999999999929e+00 3.300000000000000155e-01
1.830000000000000071e+00 3.300000000000000155e-01
2.000000000000000000e+00 3.300000000000000155e-01
2.169999999999999929e+00 3.300000000000000155e-01
2.330000000000000071e+00 3.300000000000000155e-01
2.500000000000000000e+00 3.300000000000000155e-01
2.669999999999999929e+00 3.300000000000000155e-01
2.830000000000000071e+00 3.300000000000000155e-01
3.000000000000000000e+00 3.300000000000000155e-01
3.169999999999999929e+00 3.300000000000000155e-01
3.330000000000000071e+00 3.300000000000000155e-01
3.500000000000000000e+00 3.300000000000000155e-01
3.669999999999999929e+00 3.300000000000000155e-01
0.000000000000000000e+00 5.000000000000000000e-01
1.700000000000000122e-01 5.000000000000000000e-01
3.300000000000000155e-01 5.000000000000000000e-01
5.000000000000000000e-01 5.000000000000000000e-01
6.700000000000000400e-01 5.000000000000000000e-01
8.299999999999999600e-01 5.000000000000000000e-01
1.000000000000000000e+00 5.000000000000000000e-01
1.169999999999999929e+00 5.000000000000000000e-01
1.330000000000000071e+00 5.000000000000000000e-01
1.500000000000000000e+00 5.000000000000000000e-01
1.669999999999999929e+00 5.000000000000000000e-01
1.830000000000000071e+00 5.000000000000000000e-01
2.000000000000000000e+00 5.000000000000000000e-01
2.169999999999999929e+00 5.000000000000000000e-01
2.330000000000000071e+00 5.000000000000000000e-01
2.500000000000000000e+00 5.000000000000000000e-01
2.669999999999999929e+00 5.000000000000000000e-01
2.830000000000000071e+00 5.000000000000000000e-01
3.000000000000000000e+00 5.000000000000000000e-01
3.169999999999999929e+00 5.000000000000000000e-01
3.330000000000000071e+00 5.000000000000000000e-01
3.500000000000000000e+00 5.000000000000000000e-01
0.000000000000000000e+00 6.700000000000000400e-01
1.700000000000000122e-01 6.700000000000000400e-01
3.300000000000000155e-01 6.700000000000000400e-01
5.000000000000000000e-01 6.700000000000000400e-01
6.700000000000000400e-01 6.700000000000000400e-01
8.299999999999999600e-01 6.700000000000000400e-01
1.000000000000000000e+00 6.700000000000000400e-01
1.169999999999999929e+00 6.700000000000000400e-01
1.330000000000000071e+00 6.700000000000000400e-01
1.500000000000000000e+00 6.700000000000000400e-01
1.669999999999999929e+00 6.700000000000000400e-01
1.830000000000000071e+00 6.700000000000000400e-01
2.000000000000000000e+00 6.700000000000000400e-01
2.169999999999999929e+00 6.700000000000000400e-01
2.330000000000000071e+00 6.700000000000000400e-01
2.500000000000000000e+00 6.700000000000000400e-01
2.669999999999999929e+00 6.700000000000000400e-01
2.830000000000000071e+00 6.700000000000000400e-01
3.000000000000000000e+00 6.700000000000000400e-01
3.169999999999999929e+00 6.700000000000000400e-01
3.330000000000000071e+00 6.700000000000000400e-01
0.000000000000000000e+00 8.299999999999999600e-01
1.700000000000000122e-01 8.299999999999999600e-01
3.300000000000000155e-01 8.299999999999999600e-01
5.000000000000000000e-01 8.299999999999999600e-01
6.700000000000000400e-01 8.299999999999999600e-01
8.299999999999999600e-01 8.299999999999999600e-01
1.000000000000000000e+00 8.299999999999999600e-01
1.169999999999999929e+00 8.299999999999999600e-01
1.330000000000000071e+00 8.299999999999999600e-01
1.500000000000000000e+00 8.299999999999999600e-01
1.669999999999999929e+00 8.299999999999999600e-01
1.830000000000000071e+00 8.299999999999999600e-01
2.000000000000000000e+00 8.299999999999999600e-01
2.169999999999999929e+00 8.299999999999999600e-01
2.330000000000000071e+00 8.299999999999999600e-01
2.500000000000000000e+00 8.299999999999999600e-01
2.669999999999999929e+00 8.299999999999999600e-01
2.830000000000000071e+00 8.299999999999999600e-01
3.000000000000000000e+00 8.299999999999999600e-01
3.169999999999999929e+00 8.299999999999999600e-01
0.000000000000000000e+00 1.000000000000000000e+00
1.700000000000000122e-01 1.000000000000000000e+00
3.300000000000000155e-01 1.000000000000000000e+00
5.000000000000000000e-01 1.000000000000000000e+00
6.700000000000000400e-01 1.000000000000000000e+00
8.299999999999999600e-01 1.000000000000000000e+00
1.000000000000000000e+00 1.000000000000000000e+00
1.169999999999999929e+00 1.000000000000000000e+00
1.330000000000000071e+00 1.000000000000000000e+00
1.500000000000000000e+00 1.000000000000000000e+00
1.669999999999999929e+00 1.000000000000000000e+00
1.830000000000000071e+00 1.000000000000000000e+00
2.000000000000000000e+00 1.000000000000000000e+00
2.169999999999999929e+00 1.000000000000000000e+00
2.330000000000000071e+00 1.000000000000000000e+00
2.500000000000000000e+00 1.000000000000000000e+00
2.669999999999999929e+00 1.000000000000000000e+00
2.830000000000000071e+00 1.000000000000000000e+00
3.000000000000000000e+00 1.000000000000000000e+00
0.000000000000000000e+00 1.169999999999999929e+00
1.700000000000000122e-01 1.169999999999999929e+00
3.300000000000000155e-01 1.169999999999999929e+00
5.000000000000000000e-01 1.169999999999999929e+00
6.700000000000000400e-01 1.169999999999999929e+00
8.299999999999999600e-01 1.169999999999999929e+00
1.000000000000000000e+00 1.169999999999999929e+00
1.169999999999999929e+00 1.169999999999999929e+00
1.330000000000000071e+00 1.169999999999999929e+00
1.500000000000000000e+00 1.169999999999999929e+00
1.669999999999999929e+00 1.169999999999999929e+00
1.830000000000000071e+00 1.169999999999999929e+00
2.000000000000000000e+00 1.169999999999999929e+00
2.169999999999999929e+00 1.169999999999999929e+00
2.330000000000000071e+00 1.169999999999999929e+00
2.500000000000000000e+00 1.169999999999999929e+00
2.669999999999999929e+00 1.169999999999999929e+00
2.830000000000000071e+00 1.169999999999999929e+00
0.000000000000000000e+00 1.330000000000000071e+00
1.700000000000000122e-01 1.330000000000000071e+00
3.300000000000000155e-01 1.330000000000000071e+00
5.000000000000000000e-01 1.330000000000000071e+00
6.700000000000000400e-01 1.330000000000000071e+00
8.299999999999999600e-01 1.330000000000000071e+00
1.000000000000000000e+00 1.330000000000000071e+00
1.169999999999999929e+00 1.330000000000000071e+00
1.330000000000000071e+00 1.330000000000000071e+00
1.500000000000000000e+00 1.330000000000000071e+00
1.669999999999999929e+00 1.330000000000000071e+00
1.830000000000000071e+00 1.330000000000000071e+00
2.000000000000000000e+00 1.330000000000000071e+00
2.169999999999999929e+00 1.330000000000000071e+00
2.330000000000000071e+00 1.330000000000000071e+00
2.500000000000000000e+00 1.330000000000000071e+00
2.669999999999999929e+00 1.330000000000000071e+00
0.000000000000000000e+00 1.500000000000000000e+00
1.700000000000000122e-01 1.500000000000000000e+00
3.300000000000000155e-01 1.500000000000000000e+00
5.000000000000000000e-01 1.500000000000000000e+00
6.700000000000000400e-01 1.500000000000000000e+00
8.299999999999999600e-01 1.500000000000000000e+00
1.000000000000000000e+00 1.500000000000000000e+00
1.169999999999999929e+00 1.500000000000000000e+00
1.330000000000000071e+00 1.500000000000000000e+00
1.500000000000000000e+00 1.500000000000000000e+00
1.669999999999999929e+00 1.500000000000000000e+00
1.830000000000000071e+00 1.500000000000000000e+00
2.000000000000000000e+00 1.500000000000000000e+00
2.169999999999999929e+00 1.500000000000000000e+00
2.330000000000000071e+00 1.500000000000000000e+00
2.500000000000000000e+00 1.500000000000000000e+00
0.000000000000000000e+00 1.669999999999999929e+00
1.700000000000000122e-01 1.669999999999999929e+00
3.300000000000000155e-01 1.669999999999999929e+00
5.000000000000000000e-01 1.669999999999999929e+00
6.700000000000000400e-01 1.669999999999999929e+00
8.299999999999999600e-01 1.669999999999999929e+00
1.000000000000000000e+00 1.669999999999999929e+00
1.169999999999999929e+00 1.669999999999999929e+00
1.330000000000000071e+00 1.669999999999999929e+00
1.500000000000000000e+00 1.669999999999999929e+00
1.669999999999999929e+00 1.669999999999999929e+00
1.830000000000000071e+00 1.669999999999999929e+00
2.000000000000000000e+00 1.669999999999999929e+00
2.169999999999999929e+00 1.669999999999999929e+00
2.330000000000000071e+00 1.669999999999999929e+00
0.000000000000000000e+00 1.830000000000000071e+00
1.700000000000000122e-01 1.830000000000000071e+00
3.300000000000000155e-01 1.830000000000000071e+00
5.000000000000000000e-01 1.830000000000000071e+00
6.700000000000000400e-01 1.830000000000000071e+00
8.299999999999999600e-01 1.830000000000000071e+00
1.000000000000000000e+00 1.830000000000000071e+00
1.169999999999999929e+00 1.830000000000000071e+00
1.330000000000000071e+00 1.830000000000000071e+00
1.500000000000000000e+00 1.830000000000000071e+00
1.669999999999999929e+00 1.830000000000000071e+00
1.830000000000000071e+00 1.830000000000000071e+00
2.000000000000000000e+00 1.830000000000000071e+00
2.169999999999999929e+00 1.830000000000000071e+00
0.000000000000000000e+00 2.000000000000000000e+00
1.700000000000000122e-01 2.000000000000000000e+00
3.300000000000000155e-01 2.000000000000000000e+00
5.000000000000000000e-01 2.000000000000000000e+00
6.700000000000000400e-01 2.000000000000000000e+00
8.299999999999999600e-01 2.000000000000000000e+00
1.000000000000000000e+00 2.000000000000000000e+00
1.169999999999999929e+00 2.000000000000000000e+00
1.330000000000000071e+00 2.000000000000000000e+00
1.500000000000000000e+00 2.000000000000000000e+00
1.669999999999999929e+00 2.000000000000000000e+00
1.830000000000000071e+00 2.000000000000000000e+00
2.000000000000000000e+00 2.000000000000000000e+00
0.000000000000000000e+00 2.169999999999999929e+00
1.700000000000000122e-01 2.169999999999999929e+00
3.300000000000000155e-01 2.169999999999999929e+00
5.000000000000000000e-01 2.169999999999999929e+00
6.700000000000000400e-01 2.169999999999999929e+00
8.299999999999999600e-01 2.169999999999999929e+00
1.000000000000000000e+00 2.169999999999999929e+00
1.169999999999999929e+00 2.169999999999999929e+00
1.330000000000000071e+00 2.169999999999999929e+00
1.500000000000000000e+00 2.169999999999999929e+00
1.669999999999999929e+00 2.169999999999999929e+00
1.830000000000000071e+00 2.169999999999999929e+00
0.000000000000000000e+00 2.330000000000000071e+00
1.700000000000000122e-01 2.330000000000000071e+00
3.300000000000000155e-01 2.330000000000000071e+00
5.000000000000000000e-01 2.330000000000000071e+00
6.700000000000000400e-01 2.330000000000000071e+00
8.299999999999999600e-01 2.330000000000000071e+00
1.000000000000000000e+00 2.330000000000000071e+00
1.169999999999999929e+00 2.330000000000000071e+00
1.330000000000000071e+00 2.330000000000000071e+00
1.500000000000000000e+00 2.330000000000000071e+00
1.669999999999999929e+00 2.330000000000000071e+00
0.000000000000000000e+00 2.500000000000000000e+00
1.700000000000000122e-01 2.500000000000000000e+00
3.300000000000000155e-01 2.500000000000000000e+00
5.000000000000000000e-01 2.500000000000000000e+00
6.700000000000000400e-01 2.500000000000000000e+00
8.299999999999999600e-01 2.500000000000000000e+00
1.000000000000000000e+00 2.500000000000000000e+00
1.169999999999999929e+00 2.500000000000000000e+00
1.330000000000000071e+00 2.500000000000000000e+00
1.500000000000000000e+00 2.500000000000000000e+00
0.000000000000000000e+00 2.669999999999999929e+00
1.700000000000000122e-01 2.669999999999999929e+00
3.300000000000000155e-01 2.669999999999999929e+00
5.000000000000000000e-01 2.669999999999999929e+00
6.700000000000000400e-01 2.669999999999999929e+00
8.299999999999999600e-01 2.669999999999999929e+00
1.000000000000000000e+00 2.669999999999999929e+00
1.169999999999999929e+00 2.669999999999999929e+00
1.330000000000000071e+00 2.669999999999999929e+00
0.000000000000000000e+00 2.830000000000000071e+00
1.700000000000000122e-01 2.830000000000000071e+00
3.300000000000000155e-01 2.830000000000000071e+00
5.000000000000000000e-01 2.830000000000000071e+00
6.700000000000000400e-01 2.830000000000000071e+00
8.299999999999999600e-01 2.830000000000000071e+00
1.000000000000000000e+00 2.830000000000000071e+00
1.169999999999999929e+00 2.830000000000000071e+00
0.000000000000000000e+00 3.000000000000000000e+00
1.700000000000000122e-01 3.000000000000000000e+00
3.300000000000000155e-01 3.000000000000000000e+00
5.000000000000000000e-01 3.000000000000000000e+00
6.700000000000000400e-01 3.000000000000000000e+00
8.299999999999999600e-01 3.000000000000000000e+00
1.000000000000000000e+00 3.000000000000000000e+00
0.000000000000000000e+00 3.169999999999999929e+00
1.700000000000000122e-01 3.169999999999999929e+00
3.300000000000000155e-01 3.169999999999999929e+00
5.000000000000000000e-01 3.169999999999999929e+00
6.700000000000000400e-01 3.169999999999999929e+00
8.299999999999999600e-01 3.169999999999999929e+00
0.000000000000000000e+00 3.330000000000000071e+00
1.700000000000000122e-01 3.330000000000000071e+00
3.300000000000000155e-01 3.330000000000000071e+00
5.000000000000000000e-01 3.330000000000000071e+00
6.700000000000000400e-01 3.330000000000000071e+00
0.000000000000000000e+00 3.500000000000000000e+00
1.700000000000000122e-01 3.500000000000000000e+00
3.300000000000000155e-01 3.500000000000000000e+00
5.000000000000000000e-01 3.500000000000000000e+00
0.000000000000000000e+00 3.669999999999999929e+00
1.700000000000000122e-01 3.669999999999999929e+00
3.300000000000000155e-01 3.669999999999999929e+00
0.000000000000000000e+00 3.830000000000000071e+00
1.700000000000000122e-01 3.830000000000000071e+00
0.000000000000000000e+00 4.000000000000000000e+00
