6.092699459674210533e-02
-4.569524594755668828e-02
-4.569524594755663971e-02
-4.569524594755672992e-02
-4.569524594755658420e-02
3.427143446066750754e-02
-4.569524594755664665e-02
-4.569524594755675073e-02
-4.569524594755661195e-02
3.427143446066756305e-02
3.427143446066747978e-02
3.427143446066752835e-02
-4.569524594755662583e-02
3.427143446066755611e-02
-4.569524594755669522e-02
-4.569524594755681318e-02
-4.569524594755660502e-02
3.427143446066758387e-02
3.427143446066751448e-02
3.427143446066760468e-02
3.427143446066748672e-02
-2.570357584550065147e-02
3.427143446066749366e-02
3.427143446066759080e-02
-4.569524594755664665e-02
3.427143446066756305e-02
3.427143446066747284e-02
3.427143446066760468e-02
-4.569524594755666747e-02
3.427143446066756305e-02
-4.569524594755672298e-02
-4.569524594755683400e-02
-4.569524594755657032e-02
3.427143446066752835e-02
3.427143446066747284e-02
3.427143446066756999e-02
3.427143446066750060e-02
-2.570357584550068270e-02
3.427143446066755611e-02
3.427143446066764632e-02
3.427143446066750060e-02
-2.570357584550068270e-02
-2.570357584550066188e-02
-2.570357584550071392e-02
3.427143446066754223e-02
-2.570357584550072780e-02
3.427143446066758387e-02
3.427143446066762550e-02
-4.569524594755661889e-02
3.427143446066758387e-02
3.427143446066750060e-02
3.427143446066760468e-02
3.427143446066748672e-02
-2.570357584550071392e-02
3.427143446066750060e-02
3.427143446066761856e-02
-4.569524594755666747e-02
3.427143446066759080e-02
3.427143446066752835e-02
3.427143446066762550e-02
-4.569524594755672992e-02
3.427143446066761856e-02
-4.569524594755678543e-02
-4.569524594755686175e-02
-4.569524594755676461e-02
3.427143446066766019e-02
3.427143446066756305e-02
3.427143446066763938e-02
3.427143446066757693e-02
-2.570357584550073821e-02
3.427143446066753529e-02
3.427143446066766019e-02
3.427143446066760468e-02
-2.570357584550073474e-02
-2.570357584550066882e-02
-2.570357584550072780e-02
3.427143446066758387e-02
-2.570357584550077290e-02
3.427143446066759774e-02
3.427143446066767407e-02
3.427143446066754917e-02
-2.570357584550078678e-02
-2.570357584550068616e-02
-2.570357584550074168e-02
-2.570357584550068270e-02
1.927768188412555192e-02
-2.570357584550068963e-02
-2.570357584550073474e-02
3.427143446066755611e-02
-2.570357584550074515e-02
-2.570357584550067576e-02
-2.570357584550075555e-02
3.427143446066764632e-02
-2.570357584550076249e-02
3.427143446066760468e-02
3.427143446066769489e-02
-4.569524594755678543e-02
3.427143446066763244e-02
3.427143446066756305e-02
3.427143446066766713e-02
3.427143446066762550e-02
-2.570357584550077984e-02
3.427143446066756999e-02
3.427143446066772958e-02
3.427143446066759774e-02
-2.570357584550077290e-02
-2.570357584550069657e-02
-2.570357584550073474e-02
3.427143446066763244e-02
-2.570357584550077984e-02
3.427143446066761856e-02
3.427143446066768101e-02
-4.569524594755677849e-02
3.427143446066768795e-02
3.427143446066762550e-02
3.427143446066768101e-02
3.427143446066761162e-02
-2.570357584550075555e-02
3.427143446066759774e-02
3.427143446066769489e-02
-4.569524594755677849e-02
3.427143446066771570e-02
3.427143446066763244e-02
3.427143446066770877e-02
-4.569524594755686175e-02
3.427143446066775040e-02
-4.569524594755687563e-02
-4.569524594755699359e-02
-4.569524594755659808e-02
3.427143446066754223e-02
3.427143446066746590e-02
3.427143446066753529e-02
3.427143446066744509e-02
-2.570357584550065841e-02
3.427143446066748672e-02
3.427143446066759774e-02
3.427143446066751448e-02
-2.570357584550067923e-02
-2.570357584550060637e-02
-2.570357584550069310e-02
3.427143446066750060e-02
-2.570357584550072433e-02
3.427143446066750060e-02
3.427143446066762550e-02
3.427143446066745203e-02
-2.570357584550069657e-02
-2.570357584550062371e-02
-2.570357584550067576e-02
-2.570357584550062371e-02
1.927768188412549988e-02
-2.570357584550061331e-02
-2.570357584550068616e-02
3.427143446066748672e-02
-2.570357584550068963e-02
-2.570357584550063065e-02
-2.570357584550068270e-02
3.427143446066751448e-02
-2.570357584550071392e-02
3.427143446066756305e-02
3.427143446066761162e-02
3.427143446066750060e-02
-2.570357584550070351e-02
-2.570357584550063065e-02
-2.570357584550068616e-02
-2.570357584550063759e-02
1.927768188412553110e-02
-2.570357584550065147e-02
-2.570357584550072086e-02
-2.570357584550063065e-02
1.927768188412557621e-02
1.927768188412550335e-02
1.927768188412554151e-02
-2.570357584550066882e-02
1.927768188412556927e-02
-2.570357584550068270e-02
-2.570357584550072780e-02
3.427143446066745897e-02
-2.570357584550072780e-02
-2.570357584550062371e-02
-2.570357584550070004e-02
-2.570357584550064453e-02
1.927768188412553457e-02
-2.570357584550067576e-02
-2.570357584550072086e-02
3.427143446066750060e-02
-2.570357584550071392e-02
-2.570357584550066188e-02
-2.570357584550075555e-02
3.427143446066757693e-02
-2.570357584550075902e-02
3.427143446066761856e-02
3.427143446066766019e-02
-4.569524594755675073e-02
3.427143446066763244e-02
3.427143446066759080e-02
3.427143446066763938e-02
3.427143446066753529e-02
-2.570357584550073821e-02
3.427143446066756999e-02
3.427143446066767407e-02
3.427143446066756305e-02
-2.570357584550075902e-02
-2.570357584550071045e-02
-2.570357584550076943e-02
3.427143446066763244e-02
-2.570357584550080760e-02
3.427143446066761162e-02
3.427143446066773652e-02
3.427143446066753529e-02
-2.570357584550076596e-02
-2.570357584550070004e-02
-2.570357584550075902e-02
-2.570357584550067229e-02
1.927768188412556927e-02
-2.570357584550067576e-02
-2.570357584550074861e-02
3.427143446066756305e-02
-2.570357584550076596e-02
-2.570357584550068963e-02
-2.570357584550076596e-02
3.427143446066763938e-02
-2.570357584550082147e-02
3.427143446066761856e-02
3.427143446066771570e-02
-4.569524594755681318e-02
3.427143446066767407e-02
3.427143446066762550e-02
3.427143446066768101e-02
3.427143446066759774e-02
-2.570357584550079025e-02
3.427143446066763938e-02
3.427143446066770183e-02
3.427143446066762550e-02
-2.570357584550077290e-02
-2.570357584550072086e-02
-2.570357584550079025e-02
3.427143446066765325e-02
-2.570357584550083535e-02
3.427143446066767407e-02
3.427143446066777815e-02
-4.569524594755678543e-02
3.427143446066768795e-02
3.427143446066763244e-02
3.427143446066768101e-02
3.427143446066761162e-02
-2.570357584550079025e-02
3.427143446066762550e-02
3.427143446066771570e-02
-4.569524594755680624e-02
3.427143446066774346e-02
3.427143446066763938e-02
3.427143446066775040e-02
-4.569524594755685482e-02
3.427143446066772958e-02
-4.569524594755690339e-02
-4.569524594755700053e-02
-4.569524594755661195e-02
3.427143446066756305e-02
3.427143446066746590e-02
3.427143446066756999e-02
3.427143446066749366e-02
-2.570357584550068963e-02
3.427143446066748672e-02
3.427143446066765325e-02
3.427143446066751448e-02
-2.570357584550070004e-02
-2.570357584550064800e-02
-2.570357584550068963e-02
3.427143446066752835e-02
-2.570357584550067923e-02
3.427143446066752142e-02
3.427143446066764632e-02
3.427143446066746590e-02
-2.570357584550070004e-02
-2.570357584550062371e-02
-2.570357584550068270e-02
-2.570357584550065147e-02
1.927768188412552416e-02
-2.570357584550061678e-02
-2.570357584550072780e-02
3.427143446066752142e-02
-2.570357584550067576e-02
-2.570357584550062024e-02
-2.570357584550072086e-02
3.427143446066757693e-02
-2.570357584550071392e-02
3.427143446066757693e-02
3.427143446066761856e-02
3.427143446066750754e-02
-2.570357584550069310e-02
-2.570357584550065147e-02
-2.570357584550068616e-02
-2.570357584550064453e-02
1.927768188412551376e-02
-2.570357584550066882e-02
-2.570357584550075208e-02
-2.570357584550064800e-02
1.927768188412552763e-02
1.927768188412551376e-02
1.927768188412556233e-02
-2.570357584550068963e-02
1.927768188412555886e-02
-2.570357584550070698e-02
-2.570357584550074168e-02
3.427143446066752835e-02
-2.570357584550069657e-02
-2.570357584550063412e-02
-2.570357584550073127e-02
-2.570357584550065147e-02
1.927768188412554498e-02
-2.570357584550066535e-02
-2.570357584550075208e-02
3.427143446066755611e-02
-2.570357584550074515e-02
-2.570357584550068963e-02
-2.570357584550075208e-02
3.427143446066760468e-02
-2.570357584550073821e-02
3.427143446066759080e-02
3.427143446066767407e-02
3.427143446066757693e-02
-2.570357584550073127e-02
-2.570357584550069310e-02
-2.570357584550076249e-02
-2.570357584550064800e-02
1.927768188412555539e-02
-2.570357584550066882e-02
-2.570357584550078331e-02
-2.570357584550070004e-02
1.927768188412556233e-02
1.927768188412553804e-02
1.927768188412562131e-02
-2.570357584550070351e-02
1.927768188412558314e-02
-2.570357584550071392e-02
-2.570357584550079719e-02
-2.570357584550068963e-02
1.927768188412555539e-02
1.927768188412549988e-02
1.927768188412559355e-02
1.927768188412551376e-02
-1.445826141309418909e-02
1.927768188412552763e-02
1.927768188412556927e-02
-2.570357584550068616e-02
1.927768188412560049e-02
1.927768188412553110e-02
1.927768188412556580e-02
-2.570357584550074168e-02
1.927768188412557274e-02
-2.570357584550073474e-02
-2.570357584550082494e-02
3.427143446066759774e-02
-2.570357584550076596e-02
-2.570357584550069310e-02
-2.570357584550077637e-02
-2.570357584550069657e-02
1.927768188412558661e-02
-2.570357584550072433e-02
-2.570357584550077290e-02
-2.570357584550070351e-02
1.927768188412559702e-02
1.927768188412553804e-02
1.927768188412557274e-02
-2.570357584550075555e-02
1.927768188412560743e-02
-2.570357584550073474e-02
-2.570357584550080413e-02
3.427143446066763938e-02
-2.570357584550076596e-02
-2.570357584550072086e-02
-2.570357584550076249e-02
-2.570357584550074168e-02
1.927768188412556233e-02
-2.570357584550073127e-02
-2.570357584550079719e-02
3.427143446066766019e-02
-2.570357584550083188e-02
-2.570357584550075902e-02
-2.570357584550081453e-02
3.427143446066769489e-02
-2.570357584550082494e-02
3.427143446066771570e-02
3.427143446066773652e-02
-4.569524594755666053e-02
3.427143446066756999e-02
3.427143446066751448e-02
3.427143446066757693e-02
3.427143446066752142e-02
-2.570357584550070004e-02
3.427143446066751448e-02
3.427143446066762550e-02
3.427143446066752835e-02
-2.570357584550072433e-02
-2.570357584550065147e-02
-2.570357584550073821e-02
3.427143446066755611e-02
-2.570357584550072433e-02
3.427143446066754223e-02
3.427143446066762550e-02
3.427143446066748672e-02
-2.570357584550070004e-02
-2.570357584550061331e-02
-2.570357584550070698e-02
-2.570357584550065494e-02
1.927768188412554151e-02
-2.570357584550064800e-02
-2.570357584550070004e-02
3.427143446066754223e-02
-2.570357584550071392e-02
-2.570357584550065841e-02
-2.570357584550071045e-02
3.427143446066758387e-02
-2.570357584550072086e-02
3.427143446066760468e-02
3.427143446066763244e-02
3.427143446066755611e-02
-2.570357584550070004e-02
-2.570357584550066188e-02
-2.570357584550075208e-02
-2.570357584550066882e-02
1.927768188412557621e-02
-2.570357584550066535e-02
-2.570357584550073821e-02
-2.570357584550067576e-02
1.927768188412556580e-02
1.927768188412553110e-02
1.927768188412553804e-02
-2.570357584550066188e-02
1.927768188412555539e-02
-2.570357584550072086e-02
-2.570357584550074861e-02
3.427143446066755611e-02
-2.570357584550074168e-02
-2.570357584550070004e-02
-2.570357584550072086e-02
-2.570357584550066882e-02
1.927768188412559008e-02
-2.570357584550068270e-02
-2.570357584550076596e-02
3.427143446066760468e-02
-2.570357584550075208e-02
-2.570357584550071739e-02
-2.570357584550076943e-02
3.427143446066759080e-02
-2.570357584550077290e-02
3.427143446066760468e-02
3.427143446066770877e-02
-4.569524594755679930e-02
3.427143446066766713e-02
3.427143446066759774e-02
3.427143446066765325e-02
3.427143446066760468e-02
-2.570357584550079719e-02
3.427143446066762550e-02
3.427143446066768101e-02
3.427143446066759080e-02
-2.570357584550079025e-02
-2.570357584550071739e-02
-2.570357584550074861e-02
3.427143446066762550e-02
-2.570357584550082494e-02
3.427143446066767407e-02
3.427143446066774346e-02
3.427143446066759774e-02
-2.570357584550082494e-02
-2.570357584550071739e-02
-2.570357584550075555e-02
-2.570357584550073474e-02
1.927768188412558661e-02
-2.570357584550074168e-02
-2.570357584550079719e-02
3.427143446066763938e-02
-2.570357584550077984e-02
-2.570357584550073474e-02
-2.570357584550082841e-02
3.427143446066768101e-02
-2.570357584550080760e-02
3.427143446066769489e-02
3.427143446066777122e-02
-4.569524594755682012e-02
3.427143446066775040e-02
3.427143446066762550e-02
3.427143446066771570e-02
3.427143446066768795e-02
-2.570357584550079372e-02
3.427143446066764632e-02
3.427143446066772958e-02
3.427143446066763244e-02
-2.570357584550079025e-02
-2.570357584550076249e-02
-2.570357584550081453e-02
3.427143446066768101e-02
-2.570357584550084576e-02
3.427143446066768795e-02
3.427143446066777122e-02
-4.569524594755686869e-02
3.427143446066775040e-02
3.427143446066763938e-02
3.427143446066777815e-02
3.427143446066763938e-02
-2.570357584550080066e-02
3.427143446066763244e-02
3.427143446066772958e-02
-4.569524594755686175e-02
3.427143446066773652e-02
3.427143446066767407e-02
3.427143446066779897e-02
-4.569524594755690339e-02
3.427143446066779203e-02
-4.569524594755693114e-02
-4.569524594755705604e-02
-4.569524594755670216e-02
-4.569524594755688257e-02
3.427143446066759774e-02
-4.569524594755689645e-02
3.427143446066760468e-02
3.427143446066767407e-02
3.427143446066756305e-02
-4.569524594755697278e-02
3.427143446066759774e-02
3.427143446066766713e-02
-2.570357584550070004e-02
3.427143446066772264e-02
3.427143446066759080e-02
3.427143446066774346e-02
3.427143446066761856e-02
-4.569524594755698665e-02
3.427143446066754917e-02
3.427143446066767407e-02
-2.570357584550068270e-02
3.427143446066767407e-02
-2.570357584550070351e-02
-2.570357584550077984e-02
-2.570357584550070351e-02
3.427143446066770877e-02
3.427143446066760468e-02
3.427143446066770183e-02
-2.570357584550072780e-02
3.427143446066775734e-02
3.427143446066765325e-02
3.427143446066774346e-02
3.427143446066766019e-02
-4.569524594755698665e-02
3.427143446066762550e-02
3.427143446066770877e-02
-2.570357584550070004e-02
3.427143446066773652e-02
-2.570357584550072086e-02
-2.570357584550079719e-02
-2.570357584550072433e-02
3.427143446066772264e-02
-2.570357584550071392e-02
-2.570357584550076943e-02
1.927768188412556927e-02
-2.570357584550080760e-02
-2.570357584550076249e-02
-2.570357584550081106e-02
-2.570357584550077290e-02
3.427143446066775734e-02
3.427143446066759774e-02
3.427143446066771570e-02
-2.570357584550072086e-02
3.427143446066768795e-02
-2.570357584550070351e-02
-2.570357584550077984e-02
-2.570357584550073474e-02
3.427143446066773652e-02
3.427143446066766019e-02
3.427143446066772958e-02
-2.570357584550073127e-02
3.427143446066775734e-02
3.427143446066767407e-02
3.427143446066775734e-02
3.427143446066768101e-02
-4.569524594755705604e-02
3.427143446066766019e-02
3.427143446066775040e-02
-2.570357584550077637e-02
3.427143446066775040e-02
-2.570357584550077637e-02
-2.570357584550083535e-02
-2.570357584550074861e-02
3.427143446066779897e-02
-2.570357584550079372e-02
-2.570357584550082841e-02
1.927768188412556927e-02
-2.570357584550083535e-02
-2.570357584550079372e-02
-2.570357584550084923e-02
-2.570357584550076249e-02
3.427143446066779897e-02
-2.570357584550073127e-02
-2.570357584550081106e-02
1.927768188412557621e-02
-2.570357584550081453e-02
1.927768188412560743e-02
1.927768188412562478e-02
1.927768188412557621e-02
-2.570357584550082494e-02
-2.570357584550077637e-02
-2.570357584550083535e-02
1.927768188412555192e-02
-2.570357584550085270e-02
-2.570357584550079719e-02
-2.570357584550085617e-02
-2.570357584550079372e-02
3.427143446066783367e-02
3.427143446066768795e-02
3.427143446066777815e-02
-2.570357584550077637e-02
3.427143446066784060e-02
-2.570357584550080413e-02
-2.570357584550087005e-02
-2.570357584550078331e-02
3.427143446066782673e-02
-2.570357584550077637e-02
-2.570357584550085270e-02
1.927768188412561090e-02
-2.570357584550087698e-02
-2.570357584550080413e-02
-2.570357584550087005e-02
-2.570357584550084229e-02
3.427143446066781979e-02
3.427143446066767407e-02
3.427143446066783367e-02
-2.570357584550077984e-02
3.427143446066780591e-02
-2.570357584550078678e-02
-2.570357584550088045e-02
-2.570357584550079372e-02
3.427143446066781285e-02
3.427143446066768101e-02
3.427143446066783367e-02
-2.570357584550079372e-02
3.427143446066781979e-02
3.427143446066775734e-02
3.427143446066784060e-02
3.427143446066776428e-02
-4.569524594755713931e-02
3.427143446066762550e-02
3.427143446066766019e-02
-2.570357584550068616e-02
3.427143446066772958e-02
-2.570357584550069657e-02
-2.570357584550077290e-02
-2.570357584550072780e-02
3.427143446066773652e-02
-2.570357584550069657e-02
-2.570357584550076943e-02
1.927768188412550682e-02
-2.570357584550079719e-02
-2.570357584550071739e-02
-2.570357584550076249e-02
-2.570357584550069310e-02
3.427143446066775734e-02
-2.570357584550069310e-02
-2.570357584550077290e-02
1.927768188412552069e-02
-2.570357584550076596e-02
1.927768188412553110e-02
1.927768188412555539e-02
1.927768188412553804e-02
-2.570357584550079372e-02
-2.570357584550071739e-02
-2.570357584550075902e-02
1.927768188412553457e-02
-2.570357584550083882e-02
-2.570357584550072780e-02
-2.570357584550080413e-02
-2.570357584550075208e-02
3.427143446066775040e-02
-2.570357584550073821e-02
-2.570357584550080066e-02
1.927768188412553110e-02
-2.570357584550080066e-02
1.927768188412556927e-02
1.927768188412560049e-02
1.927768188412554498e-02
-2.570357584550079372e-02
1.927768188412557274e-02
1.927768188412560396e-02
-1.445826141309415266e-02
1.927768188412564559e-02
1.927768188412559355e-02
1.927768188412562478e-02
1.927768188412558661e-02
-2.570357584550083535e-02
-2.570357584550075208e-02
-2.570357584550081800e-02
1.927768188412555886e-02
-2.570357584550082147e-02
1.927768188412556233e-02
1.927768188412562131e-02
1.927768188412555886e-02
-2.570357584550081453e-02
-2.570357584550075555e-02
-2.570357584550082147e-02
1.927768188412557274e-02
-2.570357584550079025e-02
-2.570357584550078331e-02
-2.570357584550083535e-02
-2.570357584550079025e-02
3.427143446066779203e-02
3.427143446066770183e-02
3.427143446066777815e-02
-2.570357584550077290e-02
3.427143446066776428e-02
-2.570357584550079025e-02
-2.570357584550085964e-02
-2.570357584550079025e-02
3.427143446066781285e-02
-2.570357584550080413e-02
-2.570357584550085617e-02
1.927768188412559355e-02
-2.570357584550085617e-02
-2.570357584550079719e-02
-2.570357584550087698e-02
-2.570357584550080413e-02
3.427143446066786142e-02
-2.570357584550075902e-02
-2.570357584550086311e-02
1.927768188412558661e-02
-2.570357584550084923e-02
1.927768188412558661e-02
1.927768188412564213e-02
1.927768188412560396e-02
-2.570357584550084923e-02
-2.570357584550077984e-02
-2.570357584550087005e-02
1.927768188412557968e-02
-2.570357584550085617e-02
-2.570357584550081106e-02
-2.570357584550089086e-02
-2.570357584550079719e-02
3.427143446066783367e-02
3.427143446066771570e-02
3.427143446066780591e-02
-2.570357584550076943e-02
3.427143446066779203e-02
-2.570357584550079719e-02
-2.570357584550088739e-02
-2.570357584550081800e-02
3.427143446066784754e-02
-2.570357584550082147e-02
-2.570357584550089433e-02
1.927768188412561090e-02
-2.570357584550088392e-02
-2.570357584550083882e-02
-2.570357584550089780e-02
-2.570357584550086311e-02
3.427143446066789612e-02
3.427143446066772958e-02
3.427143446066784754e-02
-2.570357584550081800e-02
3.427143446066783367e-02
-2.570357584550083188e-02
-2.570357584550087698e-02
-2.570357584550082147e-02
3.427143446066786142e-02
3.427143446066777815e-02
3.427143446066789612e-02
-2.570357584550081106e-02
3.427143446066789612e-02
3.427143446066776428e-02
3.427143446066786836e-02
3.427143446066779897e-02
-4.569524594755717400e-02
-4.569524594755677155e-02
-4.569524594755688951e-02
3.427143446066759774e-02
-4.569524594755689645e-02
3.427143446066761856e-02
3.427143446066769489e-02
3.427143446066761162e-02
-4.569524594755695196e-02
3.427143446066763938e-02
3.427143446066774346e-02
-2.570357584550071739e-02
3.427143446066775734e-02
3.427143446066765325e-02
3.427143446066774346e-02
3.427143446066768101e-02
-4.569524594755702135e-02
3.427143446066754917e-02
3.427143446066770877e-02
-2.570357584550069657e-02
3.427143446066773652e-02
-2.570357584550070351e-02
-2.570357584550079025e-02
-2.570357584550070698e-02
3.427143446066771570e-02
3.427143446066763938e-02
3.427143446066772264e-02
-2.570357584550075902e-02
3.427143446066777122e-02
3.427143446066765325e-02
3.427143446066772958e-02
3.427143446066764632e-02
-4.569524594755702135e-02
3.427143446066766713e-02
3.427143446066765325e-02
-2.570357584550070351e-02
3.427143446066769489e-02
-2.570357584550076596e-02
-2.570357584550079025e-02
-2.570357584550073474e-02
3.427143446066775040e-02
-2.570357584550072433e-02
-2.570357584550081106e-02
1.927768188412554498e-02
-2.570357584550081453e-02
-2.570357584550078331e-02
-2.570357584550084576e-02
-2.570357584550079719e-02
3.427143446066777815e-02
3.427143446066765325e-02
3.427143446066770877e-02
-2.570357584550074861e-02
3.427143446066770877e-02
-2.570357584550076596e-02
-2.570357584550082494e-02
-2.570357584550074168e-02
3.427143446066773652e-02
3.427143446066768101e-02
3.427143446066776428e-02
-2.570357584550072780e-02
3.427143446066775734e-02
3.427143446066768795e-02
3.427143446066780591e-02
3.427143446066770877e-02
-4.569524594755703523e-02
3.427143446066767407e-02
3.427143446066777122e-02
-2.570357584550076249e-02
3.427143446066778509e-02
-2.570357584550075555e-02
-2.570357584550085617e-02
-2.570357584550074515e-02
3.427143446066782673e-02
-2.570357584550077290e-02
-2.570357584550087005e-02
1.927768188412561090e-02
-2.570357584550088392e-02
-2.570357584550077984e-02
-2.570357584550086311e-02
-2.570357584550079372e-02
3.427143446066785448e-02
-2.570357584550074168e-02
-2.570357584550086311e-02
1.927768188412561784e-02
-2.570357584550082841e-02
1.927768188412557968e-02
1.927768188412562131e-02
1.927768188412557968e-02
-2.570357584550087698e-02
-2.570357584550076596e-02
-2.570357584550089086e-02
1.927768188412558314e-02
-2.570357584550087351e-02
-2.570357584550080066e-02
-2.570357584550087351e-02
-2.570357584550080760e-02
3.427143446066787530e-02
3.427143446066773652e-02
3.427143446066781979e-02
-2.570357584550080760e-02
3.427143446066779897e-02
-2.570357584550078331e-02
-2.570357584550088045e-02
-2.570357584550078331e-02
3.427143446066784754e-02
-2.570357584550080413e-02
-2.570357584550088739e-02
1.927768188412561090e-02
-2.570357584550090127e-02
-2.570357584550082147e-02
-2.570357584550092556e-02
-2.570357584550084576e-02
3.427143446066784754e-02
3.427143446066775040e-02
3.427143446066786142e-02
-2.570357584550083882e-02
3.427143446066784060e-02
-2.570357584550079372e-02
-2.570357584550089433e-02
-2.570357584550083882e-02
3.427143446066784060e-02
3.427143446066774346e-02
3.427143446066786142e-02
-2.570357584550083188e-02
3.427143446066787530e-02
3.427143446066775040e-02
3.427143446066790305e-02
3.427143446066777815e-02
-4.569524594755714625e-02
-4.569524594755677155e-02
-4.569524594755691033e-02
3.427143446066761856e-02
-4.569524594755700747e-02
3.427143446066763938e-02
3.427143446066771570e-02
3.427143446066766019e-02
-4.569524594755700053e-02
3.427143446066766019e-02
3.427143446066777815e-02
-2.570357584550075208e-02
3.427143446066782673e-02
3.427143446066766019e-02
3.427143446066781979e-02
3.427143446066765325e-02
-4.569524594755709768e-02
3.427143446066757693e-02
3.427143446066771570e-02
-2.570357584550071739e-02
3.427143446066770877e-02
-2.570357584550070698e-02
-2.570357584550079719e-02
-2.570357584550073821e-02
3.427143446066771570e-02
3.427143446066768795e-02
3.427143446066775734e-02
-2.570357584550075902e-02
3.427143446066775734e-02
3.427143446066768795e-02
3.427143446066777122e-02
3.427143446066768101e-02
-4.569524594755703523e-02
3.427143446066771570e-02
3.427143446066772264e-02
-2.570357584550075902e-02
3.427143446066776428e-02
-2.570357584550075902e-02
-2.570357584550080760e-02
-2.570357584550075208e-02
3.427143446066779203e-02
-2.570357584550077290e-02
-2.570357584550083188e-02
1.927768188412558314e-02
-2.570357584550083882e-02
-2.570357584550078331e-02
-2.570357584550087005e-02
-2.570357584550080066e-02
3.427143446066784754e-02
3.427143446066771570e-02
3.427143446066777815e-02
-2.570357584550076596e-02
3.427143446066775734e-02
-2.570357584550077637e-02
-2.570357584550083882e-02
-2.570357584550079025e-02
3.427143446066777122e-02
3.427143446066772264e-02
3.427143446066777122e-02
-2.570357584550078331e-02
3.427143446066782673e-02
3.427143446066768101e-02
3.427143446066784060e-02
3.427143446066772958e-02
-4.569524594755710462e-02
-4.569524594755694502e-02
-4.569524594755709074e-02
3.427143446066774346e-02
-4.569524594755710462e-02
3.427143446066772264e-02
3.427143446066785448e-02
3.427143446066772958e-02
-4.569524594755710462e-02
3.427143446066774346e-02
3.427143446066785448e-02
-2.570357584550080066e-02
3.427143446066786836e-02
3.427143446066773652e-02
3.427143446066787530e-02
3.427143446066775040e-02
-4.569524594755718788e-02
3.427143446066771570e-02
3.427143446066782673e-02
-2.570357584550081453e-02
3.427143446066778509e-02
-2.570357584550081106e-02
-2.570357584550087005e-02
-2.570357584550081106e-02
3.427143446066782673e-02
3.427143446066775040e-02
3.427143446066785448e-02
-2.570357584550082147e-02
3.427143446066781285e-02
3.427143446066778509e-02
3.427143446066786836e-02
3.427143446066777815e-02
-4.569524594755716013e-02
-4.569524594755701441e-02
-4.569524594755711155e-02
3.427143446066777122e-02
-4.569524594755711849e-02
3.427143446066774346e-02
3.427143446066786142e-02
3.427143446066775734e-02
-4.569524594755713237e-02
3.427143446066777815e-02
3.427143446066785448e-02
-2.570357584550081800e-02
3.427143446066789612e-02
3.427143446066779203e-02
3.427143446066790305e-02
3.427143446066778509e-02
-4.569524594755717400e-02
-4.569524594755698665e-02
-4.569524594755715319e-02
3.427143446066777815e-02
-4.569524594755716013e-02
3.427143446066777122e-02
3.427143446066786836e-02
3.427143446066779897e-02
-4.569524594755713931e-02
-4.569524594755706298e-02
-4.569524594755713931e-02
3.427143446066781285e-02
-4.569524594755724339e-02
-4.569524594755705604e-02
-4.569524594755722952e-02
-4.569524594755710462e-02
6.092699459674292412e-02
