8.059883706078667387e-02
-6.044912779559000193e-02
-6.044912779558990479e-02
-6.044912779558993254e-02
-6.044912779558996030e-02
4.533684584669252920e-02
-6.044912779558997418e-02
-6.044912779559002969e-02
-6.044912779558996030e-02
4.533684584669249451e-02
4.533684584669249451e-02
4.533684584669248757e-02
-6.044912779558997418e-02
4.533684584669250839e-02
-6.044912779558995336e-02
-6.044912779559001581e-02
-6.044912779558989091e-02
4.533684584669245982e-02
4.533684584669243900e-02
4.533684584669240430e-02
4.533684584669250145e-02
-3.400263438501935354e-02
4.533684584669244594e-02
4.533684584669246675e-02
-6.044912779558990479e-02
4.533684584669245288e-02
4.533684584669239737e-02
4.533684584669248063e-02
-6.044912779558990479e-02
4.533684584669247369e-02
-6.044912779558988397e-02
-6.044912779558997418e-02
-6.044912779558992560e-02
4.533684584669246675e-02
4.533684584669240430e-02
4.533684584669245288e-02
4.533684584669248757e-02
-3.400263438501936741e-02
4.533684584669240430e-02
4.533684584669248757e-02
4.533684584669243206e-02
-3.400263438501937435e-02
-3.400263438501933272e-02
-3.400263438501935354e-02
4.533684584669241124e-02
-3.400263438501938129e-02
4.533684584669244594e-02
4.533684584669248063e-02
-6.044912779558984928e-02
4.533684584669244594e-02
4.533684584669239043e-02
4.533684584669244594e-02
4.533684584669240430e-02
-3.400263438501934660e-02
4.533684584669240430e-02
4.533684584669244594e-02
-6.044912779558986315e-02
4.533684584669243206e-02
4.533684584669238349e-02
4.533684584669242512e-02
-6.044912779558987009e-02
4.533684584669246675e-02
-6.044912779558983540e-02
-6.044912779558988397e-02
-6.044912779558994642e-02
4.533684584669248063e-02
4.533684584669243900e-02
4.533684584669250839e-02
4.533684584669250839e-02
-3.400263438501936047e-02
4.533684584669250839e-02
4.533684584669248757e-02
4.533684584669250839e-02
-3.400263438501936741e-02
-3.400263438501931884e-02
-3.400263438501934660e-02
4.533684584669248063e-02
-3.400263438501943680e-02
4.533684584669247369e-02
4.533684584669253614e-02
4.533684584669244594e-02
-3.400263438501931190e-02
-3.400263438501936741e-02
-3.400263438501933966e-02
-3.400263438501933272e-02
2.550197578876454985e-02
-3.400263438501936047e-02
-3.400263438501933272e-02
4.533684584669243206e-02
-3.400263438501934660e-02
-3.400263438501933272e-02
-3.400263438501931884e-02
4.533684584669247369e-02
-3.400263438501936047e-02
4.533684584669242512e-02
4.533684584669248063e-02
-6.044912779558995336e-02
4.533684584669246675e-02
4.533684584669244594e-02
4.533684584669248757e-02
4.533684584669247369e-02
-3.400263438501938129e-02
4.533684584669246675e-02
4.533684584669247369e-02
4.533684584669246675e-02
-3.400263438501934660e-02
-3.400263438501934660e-02
-3.400263438501937435e-02
4.533684584669245288e-02
-3.400263438501931884e-02
4.533684584669242512e-02
4.533684584669249451e-02
-6.044912779558990479e-02
4.533684584669241818e-02
4.533684584669241124e-02
4.533684584669239043e-02
4.533684584669245982e-02
-3.400263438501935354e-02
4.533684584669239043e-02
4.533684584669250839e-02
-6.044912779558989785e-02
4.533684584669244594e-02
4.533684584669236961e-02
4.533684584669244594e-02
-6.044912779558984234e-02
4.533684584669245982e-02
-6.044912779558989091e-02
-6.044912779558992560e-02
-6.044912779558991867e-02
4.533684584669247369e-02
4.533684584669250145e-02
4.533684584669249451e-02
4.533684584669248063e-02
-3.400263438501935354e-02
4.533684584669248757e-02
4.533684584669251533e-02
4.533684584669248063e-02
-3.400263438501936741e-02
-3.400263438501929802e-02
-3.400263438501935354e-02
4.533684584669248757e-02
-3.400263438501938129e-02
4.533684584669250839e-02
4.533684584669250145e-02
4.533684584669243206e-02
-3.400263438501929802e-02
-3.400263438501929109e-02
-3.400263438501935354e-02
-3.400263438501927721e-02
2.550197578876452903e-02
-3.400263438501936047e-02
-3.400263438501932578e-02
4.533684584669237655e-02
-3.400263438501932578e-02
-3.400263438501933966e-02
-3.400263438501932578e-02
4.533684584669244594e-02
-3.400263438501936047e-02
4.533684584669234879e-02
4.533684584669245288e-02
4.533684584669243900e-02
-3.400263438501932578e-02
-3.400263438501931190e-02
-3.400263438501933272e-02
-3.400263438501934660e-02
2.550197578876451168e-02
-3.400263438501935354e-02
-3.400263438501932578e-02
-3.400263438501931884e-02
2.550197578876449434e-02
2.550197578876453597e-02
2.550197578876449780e-02
-3.400263438501933966e-02
2.550197578876450474e-02
-3.400263438501927721e-02
-3.400263438501933966e-02
4.533684584669236961e-02
-3.400263438501933272e-02
-3.400263438501933272e-02
-3.400263438501927027e-02
-3.400263438501934660e-02
2.550197578876450127e-02
-3.400263438501924945e-02
-3.400263438501935354e-02
4.533684584669241124e-02
-3.400263438501931190e-02
-3.400263438501924945e-02
-3.400263438501930496e-02
4.533684584669238349e-02
-3.400263438501931190e-02
4.533684584669241818e-02
4.533684584669237655e-02
-6.044912779558996030e-02
4.533684584669245288e-02
4.533684584669245288e-02
4.533684584669254308e-02
4.533684584669245982e-02
-3.400263438501940211e-02
4.533684584669250145e-02
4.533684584669249451e-02
4.533684584669244594e-02
-3.400263438501936741e-02
-3.400263438501936741e-02
-3.400263438501933272e-02
4.533684584669250839e-02
-3.400263438501938823e-02
4.533684584669245982e-02
4.533684584669250145e-02
4.533684584669241818e-02
-3.400263438501932578e-02
-3.400263438501936047e-02
-3.400263438501931190e-02
-3.400263438501934660e-02
2.550197578876448046e-02
-3.400263438501929109e-02
-3.400263438501936741e-02
4.533684584669246675e-02
-3.400263438501932578e-02
-3.400263438501929109e-02
-3.400263438501933272e-02
4.533684584669242512e-02
-3.400263438501935354e-02
4.533684584669242512e-02
4.533684584669244594e-02
-6.044912779558990479e-02
4.533684584669243900e-02
4.533684584669245288e-02
4.533684584669241818e-02
4.533684584669248757e-02
-3.400263438501936047e-02
4.533684584669245288e-02
4.533684584669250839e-02
4.533684584669242512e-02
-3.400263438501927721e-02
-3.400263438501932578e-02
-3.400263438501934660e-02
4.533684584669243206e-02
-3.400263438501936741e-02
4.533684584669247369e-02
4.533684584669248063e-02
-6.044912779558989785e-02
4.533684584669241124e-02
4.533684584669243900e-02
4.533684584669241818e-02
4.533684584669241818e-02
-3.400263438501936047e-02
4.533684584669243206e-02
4.533684584669243206e-02
-6.044912779558985622e-02
4.533684584669241818e-02
4.533684584669241124e-02
4.533684584669238349e-02
-6.044912779558987009e-02
4.533684584669244594e-02
-6.044912779558986315e-02
-6.044912779558989785e-02
-6.044912779558988397e-02
-6.044912779558990479e-02
4.533684584669243206e-02
-6.044912779558990479e-02
4.533684584669243900e-02
4.533684584669246675e-02
4.533684584669245982e-02
-6.044912779558993254e-02
4.533684584669245288e-02
4.533684584669243900e-02
-3.400263438501929109e-02
4.533684584669242512e-02
4.533684584669243206e-02
4.533684584669248757e-02
4.533684584669242512e-02
-6.044912779558997418e-02
4.533684584669240430e-02
4.533684584669238349e-02
-3.400263438501922864e-02
4.533684584669241124e-02
-3.400263438501929109e-02
-3.400263438501936047e-02
-3.400263438501934660e-02
4.533684584669238349e-02
4.533684584669236267e-02
4.533684584669245982e-02
-3.400263438501931190e-02
4.533684584669238349e-02
4.533684584669243206e-02
4.533684584669243206e-02
4.533684584669236961e-02
-6.044912779558988397e-02
4.533684584669240430e-02
4.533684584669241124e-02
-3.400263438501924945e-02
4.533684584669244594e-02
-3.400263438501927027e-02
-3.400263438501938823e-02
-3.400263438501931884e-02
4.533684584669240430e-02
-3.400263438501930496e-02
-3.400263438501931884e-02
2.550197578876447699e-02
-3.400263438501928415e-02
-3.400263438501930496e-02
-3.400263438501929802e-02
-3.400263438501923557e-02
4.533684584669245288e-02
4.533684584669234879e-02
4.533684584669240430e-02
-3.400263438501929109e-02
4.533684584669232798e-02
-3.400263438501929802e-02
-3.400263438501925639e-02
-3.400263438501924945e-02
4.533684584669243900e-02
4.533684584669236961e-02
4.533684584669236961e-02
-3.400263438501924251e-02
4.533684584669239043e-02
4.533684584669231410e-02
4.533684584669244594e-02
4.533684584669237655e-02
-6.044912779558984234e-02
4.533684584669243206e-02
4.533684584669243900e-02
-3.400263438501931190e-02
4.533684584669244594e-02
-3.400263438501934660e-02
-3.400263438501939517e-02
-3.400263438501930496e-02
4.533684584669245982e-02
-3.400263438501929802e-02
-3.400263438501933272e-02
2.550197578876450821e-02
-3.400263438501933966e-02
-3.400263438501936741e-02
-3.400263438501937435e-02
-3.400263438501933966e-02
4.533684584669249451e-02
-3.400263438501930496e-02
-3.400263438501934660e-02
2.550197578876443535e-02
-3.400263438501927721e-02
2.550197578876448393e-02
2.550197578876448393e-02
2.550197578876448740e-02
-3.400263438501931884e-02
-3.400263438501928415e-02
-3.400263438501931884e-02
2.550197578876446658e-02
-3.400263438501931884e-02
-3.400263438501931190e-02
-3.400263438501938129e-02
-3.400263438501928415e-02
4.533684584669243206e-02
4.533684584669242512e-02
4.533684584669243206e-02
-3.400263438501931884e-02
4.533684584669239043e-02
-3.400263438501931884e-02
-3.400263438501933272e-02
-3.400263438501931190e-02
4.533684584669248757e-02
-3.400263438501933272e-02
-3.400263438501931190e-02
2.550197578876443535e-02
-3.400263438501936047e-02
-3.400263438501929802e-02
-3.400263438501940211e-02
-3.400263438501933272e-02
4.533684584669243900e-02
4.533684584669237655e-02
4.533684584669241124e-02
-3.400263438501926333e-02
4.533684584669241818e-02
-3.400263438501927027e-02
-3.400263438501933272e-02
-3.400263438501931190e-02
4.533684584669241124e-02
4.533684584669236267e-02
4.533684584669241124e-02
-3.400263438501927027e-02
4.533684584669238349e-02
4.533684584669239043e-02
4.533684584669243900e-02
4.533684584669236961e-02
-6.044912779558991173e-02
-6.044912779558987703e-02
-6.044912779558984928e-02
4.533684584669239737e-02
-6.044912779558994642e-02
4.533684584669247369e-02
4.533684584669244594e-02
4.533684584669244594e-02
-6.044912779558996724e-02
4.533684584669241124e-02
4.533684584669241818e-02
-3.400263438501933272e-02
4.533684584669239043e-02
4.533684584669247369e-02
4.533684584669246675e-02
4.533684584669241818e-02
-6.044912779558993254e-02
4.533684584669236267e-02
4.533684584669239737e-02
-3.400263438501929802e-02
4.533684584669239737e-02
-3.400263438501930496e-02
-3.400263438501928415e-02
-3.400263438501925639e-02
4.533684584669241124e-02
4.533684584669239737e-02
4.533684584669240430e-02
-3.400263438501926333e-02
4.533684584669241124e-02
4.533684584669235573e-02
4.533684584669241818e-02
4.533684584669236267e-02
-6.044912779558987009e-02
4.533684584669239737e-02
4.533684584669241124e-02
-3.400263438501929109e-02
4.533684584669242512e-02
-3.400263438501929802e-02
-3.400263438501927721e-02
-3.400263438501927721e-02
4.533684584669249451e-02
-3.400263438501929109e-02
-3.400263438501934660e-02
2.550197578876444229e-02
-3.400263438501928415e-02
-3.400263438501927721e-02
-3.400263438501933272e-02
-3.400263438501929802e-02
4.533684584669245288e-02
4.533684584669236961e-02
4.533684584669234185e-02
-3.400263438501922170e-02
4.533684584669237655e-02
-3.400263438501924251e-02
-3.400263438501930496e-02
-3.400263438501931884e-02
4.533684584669238349e-02
4.533684584669236267e-02
4.533684584669238349e-02
-3.400263438501924251e-02
4.533684584669232104e-02
4.533684584669232798e-02
4.533684584669238349e-02
4.533684584669232104e-02
-6.044912779558986315e-02
-6.044912779558989091e-02
-6.044912779558988397e-02
4.533684584669239737e-02
-6.044912779558991867e-02
4.533684584669243900e-02
4.533684584669245288e-02
4.533684584669245982e-02
-6.044912779558997418e-02
4.533684584669241124e-02
4.533684584669240430e-02
-3.400263438501929109e-02
4.533684584669243206e-02
4.533684584669243206e-02
4.533684584669248757e-02
4.533684584669245288e-02
-6.044912779559000193e-02
4.533684584669236961e-02
4.533684584669236267e-02
-3.400263438501928415e-02
4.533684584669239737e-02
-3.400263438501927721e-02
-3.400263438501931884e-02
-3.400263438501927721e-02
4.533684584669243206e-02
4.533684584669239737e-02
4.533684584669241818e-02
-3.400263438501929802e-02
4.533684584669241124e-02
4.533684584669240430e-02
4.533684584669242512e-02
4.533684584669241124e-02
-6.044912779558985622e-02
-6.044912779558985622e-02
-6.044912779558983540e-02
4.533684584669238349e-02
-6.044912779558989091e-02
4.533684584669236267e-02
4.533684584669244594e-02
4.533684584669241818e-02
-6.044912779558992560e-02
4.533684584669237655e-02
4.533684584669243206e-02
-3.400263438501929802e-02
4.533684584669238349e-02
4.533684584669245288e-02
4.533684584669244594e-02
4.533684584669240430e-02
-6.044912779558996724e-02
-6.044912779558980764e-02
-6.044912779558982846e-02
4.533684584669236267e-02
-6.044912779558979377e-02
4.533684584669239043e-02
4.533684584669240430e-02
4.533684584669236961e-02
-6.044912779558991173e-02
-6.044912779558982846e-02
-6.044912779558981458e-02
4.533684584669233492e-02
-6.044912779558982846e-02
-6.044912779558982846e-02
-6.044912779558989785e-02
-6.044912779558977295e-02
8.059883706078654897e-02
