# gzz,gx,gzxz,E,chi,corrlength,mx,mz,mstring
0.000000000000000000e+00 0.000000000000000000e+00 4.000000000000000000e+00 -3.999999999999971578e+00 2.000000000000000000e+00 6.437893704712721599e-02 -1.226792011801986441e-14 7.237266341775239198e-15 9.999999999999993339e-01
0.000000000000000000e+00 1.666666666999999935e-01 3.833333333300000145e+00 -3.835145141640040833e+00 1.200000000000000000e+01 6.240661507272285968e-01 2.174427092990618288e-02 4.968248035197575518e-15 9.990545411070148596e-01
0.000000000000000000e+00 3.333333332999999787e-01 3.666666666699999855e+00 -3.674246345483339837e+00 1.200000000000000000e+01 8.106858237392214894e-01 4.550164878269309654e-02 4.662936703425657470e-15 9.958624214754714377e-01
0.000000000000000000e+00 5.000000000000000000e-01 3.500000000000000000e+00 -3.517880036969827984e+00 2.200000000000000000e+01 1.007850656805711731e+00 7.161219669095691964e-02 -5.748041961358441816e-13 9.897632118429821046e-01
0.000000000000000000e+00 6.666666666999999658e-01 3.333333333300000145e+00 -3.366750846585773616e+00 2.400000000000000000e+01 1.213838757945942870e+00 1.005076601911475964e-01 6.963457588327059966e-13 9.798737202963363480e-01
0.000000000000000000e+00 8.333333333000000342e-01 3.166666666699999855e+00 -3.221732746120011370e+00 3.000000000000000000e+01 1.456878215102126006e+00 1.327486558480511503e-01 -2.402297115495369755e-13 9.649925263085943339e-01
0.000000000000000000e+00 1.000000000000000000e+00 3.000000000000000000e+00 -3.083928850379948017e+00 3.000000000000000000e+01 1.760887855851350547e+00 1.690839245719263084e-01 3.091970623008007881e-13 9.434512866399310527e-01
0.000000000000000000e+00 1.166666666700000077e+00 2.833333333300000145e+00 -2.954761884176619446e+00 3.000000000000000000e+01 2.165485249191817729e+00 2.105505842638729086e-01 1.481820383893110152e-14 9.128733010654005442e-01
0.000000000000000000e+00 1.333333333299999923e+00 2.666666666699999855e+00 -2.836118426617460386e+00 3.000000000000000000e+01 2.746741466275401944e+00 2.586579045892632989e-01 6.340369647934771009e-14 8.697589087918794482e-01
0.000000000000000000e+00 1.500000000000000000e+00 2.500000000000000000e+00 -2.730596458866344278e+00 3.000000000000000000e+01 3.676419183470708951e+00 3.157644259167498024e-01 8.817101585397773152e-12 8.087122351465294567e-01
0.000000000000000000e+00 1.666666666700000077e+00 2.333333333300000145e+00 -2.641980499399508631e+00 3.000000000000000000e+01 5.450025861663773341e+00 3.859976203598699529e-01 1.393420509866035080e-10 7.207840744959237433e-01
0.000000000000000000e+00 1.833333333299999923e+00 2.166666666699999855e+00 -2.576351474145582188e+00 3.000000000000000000e+01 1.034027910442412512e+01 4.783072640200803916e-01 -4.024761302799351523e-10 5.887433377178462601e-01
0.000000000000000000e+00 2.000000000000000000e+00 2.000000000000000000e+00 -2.546282454498395964e+00 3.000000000000000000e+01 1.054473404905528469e+03 6.385277278265196754e-01 -2.112432888942854573e-04 3.407747891979534538e-01
0.000000000000000000e+00 2.166666666699999855e+00 1.833333333299999923e+00 -2.576351479817702739e+00 3.000000000000000000e+01 1.042305320868216256e+01 7.843637069802587014e-01 9.747936139643534287e-09 1.527180132138413748e-01
0.000000000000000000e+00 2.333333333300000145e+00 1.666666666700000077e+00 -2.641980499593046261e+00 3.000000000000000000e+01 5.492808116551155528e+00 8.565647697510772041e-01 3.103863749124907874e-10 8.222377024548252478e-02
0.000000000000000000e+00 2.500000000000000000e+00 1.500000000000000000e+00 -2.730596458872540211e+00 3.000000000000000000e+01 3.711676651984361808e+00 9.027799278011683359e-01 1.670323200659003167e-12 4.571523766073561090e-02
0.000000000000000000e+00 2.666666666699999855e+00 1.333333333299999923e+00 -2.836118426617929345e+00 3.000000000000000000e+01 2.773672632120398607e+00 9.342154576767621732e-01 2.350108908503964776e-14 2.539348670334545810e-02
0.000000000000000000e+00 2.833333333300000145e+00 1.166666666700000077e+00 -2.954761884176406284e+00 3.000000000000000000e+01 2.180443735630572366e+00 9.561598361981673566e-01 6.929323681609869719e-12 1.379759540936096804e-02
0.000000000000000000e+00 3.000000000000000000e+00 1.000000000000000000e+00 -3.083928850379919595e+00 3.000000000000000000e+01 1.771785077488972959e+00 9.716149752692065933e-01 7.305817629323842402e-13 7.182645642061986566e-03
0.000000000000000000e+00 3.166666666699999855e+00 8.333333333000000342e-01 -3.221732746119755575e+00 3.000000000000000000e+01 1.464810264017715191e+00 9.824554314373394881e-01 1.266044217276042441e-13 3.488510362245836847e-03
0.000000000000000000e+00 3.333333333300000145e+00 6.666666666999999658e-01 -3.366750846585944146e+00 2.500000000000000000e+01 1.219203640121568899e+00 9.899237219464123161e-01 2.043918863549119056e-13 1.517852095227160882e-03
0.000000000000000000e+00 3.500000000000000000e+00 5.000000000000000000e-01 -3.517880036969671664e+00 1.900000000000000000e+01 1.001837703138304780e+00 9.948782681784353876e-01 -5.090938958928540190e-13 5.499340911703540051e-04
0.000000000000000000e+00 3.666666666699999855e+00 3.333333332999999787e-01 -3.674246345483112464e+00 1.800000000000000000e+01 8.168157953464122434e-01 9.979306715974296527e-01 -1.007561127238099053e-13 1.412124763488294566e-04
0.000000000000000000e+00 3.833333333300000145e+00 1.666666666999999935e-01 -3.835145141640438737e+00 1.300000000000000000e+01 6.276819369209568622e-01 9.995272425698359386e-01 -4.041212387542072331e-14 1.541904127636650301e-05
0.000000000000000000e+00 4.000000000000000000e+00 0.000000000000000000e+00 -4.000000000000483169e+00 1.000000000000000000e+00 0.000000000000000000e+00 1.000000000000000444e+00 -6.815950786115375665e-15 9.304193310697410788e-62
1.666666666999999935e-01 0.000000000000000000e+00 3.833333333300000145e+00 -3.835145141640168731e+00 6.000000000000000000e+00 3.136331967265187926e-01 -2.364066657329216836e-04 1.172395369844948211e-13 9.995270748263090921e-01
1.666666666999999935e-01 1.666666666999999935e-01 3.666666666699999855e+00 -3.670412915940374887e+00 1.200000000000000000e+01 6.317751467026120338e-01 2.248592999297033268e-02 -8.693601394327288290e-13 9.984941404488836270e-01
1.666666666999999935e-01 3.333333332999999787e-01 3.500000000000000000e+00 -3.509835095394748805e+00 1.800000000000000000e+01 8.276940584951903990e-01 4.741400450110461184e-02 1.174810247755266948e-12 9.949873357794227768e-01
1.666666666999999935e-01 5.000000000000000000e-01 3.333333333300000145e+00 -3.354047711237029716e+00 2.400000000000000000e+01 1.032453371461251823e+00 7.494009755052986888e-02 1.342756461575334015e-11 9.882414704182924670e-01
1.666666666999999935e-01 6.666666666999999658e-01 3.166666666699999855e+00 -3.203836055451120046e+00 2.400000000000000000e+01 1.251943652477030211e+00 1.055684641840212712e-01 9.012235402394708217e-14 9.772185321931350366e-01
1.666666666999999935e-01 8.333333333000000342e-01 3.000000000000000000e+00 -3.060185511227885513e+00 3.000000000000000000e+01 1.515681886672775480e+00 1.399637973051016671e-01 -2.572109266294040394e-13 9.604834335007212953e-01
1.666666666999999935e-01 1.000000000000000000e+00 2.833333333300000145e+00 -2.924357074401584100e+00 3.000000000000000000e+01 1.853150795424557407e+00 1.790307019421858992e-01 1.383319322817826126e-13 9.360055689449211513e-01
1.666666666999999935e-01 1.166666666700000077e+00 2.666666666699999855e+00 -2.798004773843445037e+00 3.000000000000000000e+01 2.316690745849015354e+00 2.240533098362147979e-01 1.346713624560469722e-12 9.008264510143600967e-01
1.666666666999999935e-01 1.333333333299999923e+00 2.500000000000000000e+00 -2.683369824513590629e+00 3.000000000000000000e+01 3.013842143162574594e+00 2.769647563861192818e-01 -1.274393550841635386e-13 8.504649858731756495e-01
1.666666666999999935e-01 1.500000000000000000e+00 2.333333333300000145e+00 -2.583631614809306143e+00 3.000000000000000000e+01 4.215209682351043874e+00 3.409439892452108545e-01 -2.364770043625923044e-11 7.777382810891846354e-01
1.666666666999999935e-01 1.666666666700000077e+00 2.166666666699999855e+00 -2.503640508373820239e+00 3.000000000000000000e+01 6.858111838163226892e+00 4.220697477046408963e-01 -2.549778885619610137e-09 6.699394593606211590e-01
1.666666666999999935e-01 1.833333333299999923e+00 2.000000000000000000e+00 -2.451957947332516596e+00 3.000000000000000000e+01 1.811364013255938232e+01 5.366530664153505992e-01 3.651838232292014007e-08 4.981241974839981101e-01
1.666666666999999935e-01 2.000000000000000000e+00 1.833333333299999923e+00 -2.451957995332520568e+00 3.000000000000000000e+01 1.803461670309422615e+01 7.317466624245761997e-01 -5.918528575113492606e-08 2.124529166826300552e-01
1.666666666999999935e-01 2.166666666699999855e+00 1.666666666700000077e+00 -2.503640509376324985e+00 3.000000000000000000e+01 6.910581797082476996e+00 8.287630774087841878e-01 -1.484366171324983502e-09 1.067507942025594514e-01
1.666666666999999935e-01 2.333333333300000145e+00 1.500000000000000000e+00 -2.583631614836718882e+00 3.000000000000000000e+01 4.246487748805790829e+00 8.861846535582922346e-01 6.614512363632425208e-12 5.737533516784402987e-02
1.666666666999999935e-01 2.500000000000000000e+00 1.333333333299999923e+00 -2.683369824514073798e+00 3.000000000000000000e+01 3.035094533089845559e+00 9.238909985341408060e-01 -1.983027179308185910e-13 3.115792300967665934e-02
1.666666666999999935e-01 2.666666666699999855e+00 1.166666666700000077e+00 -2.798004773843672410e+00 3.000000000000000000e+01 2.331654981477474298e+00 9.496319843143432582e-01 -1.305290602291275684e-12 1.664410821817836894e-02
1.666666666999999935e-01 2.833333333300000145e+00 1.000000000000000000e+00 -2.924357074401910950e+00 3.000000000000000000e+01 1.864147183650930018e+00 9.674709947899164941e-01 -2.855617975292545516e-13 8.546836535744097019e-03
1.666666666999999935e-01 3.000000000000000000e+00 8.333333333000000342e-01 -3.060185511228041833e+00 3.000000000000000000e+01 1.523797258124233833e+00 9.798291524149440601e-01 3.137494570515216458e-13 4.103737207070743895e-03
1.666666666999999935e-01 3.166666666699999855e+00 6.666666666999999658e-01 -3.203836055450963727e+00 2.800000000000000000e+01 1.257967129540676465e+00 9.882599395009841192e-01 -5.998982108578297698e-13 1.767798814438376227e-03
1.666666666999999935e-01 3.333333333300000145e+00 5.000000000000000000e-01 -3.354047711237257090e+00 2.200000000000000000e+01 1.028335809254580679e+00 9.938104346666305489e-01 -1.240150646468345300e-13 6.347043205689466457e-04
1.666666666999999935e-01 3.500000000000000000e+00 3.333333332999999787e-01 -3.509835095394095106e+00 1.700000000000000000e+01 8.316552620740094159e-01 9.972119435241730834e-01 1.602606935681578298e-13 1.615233866655075060e-04
1.666666666999999935e-01 3.666666666699999855e+00 1.666666666999999935e-01 -3.670412915940204357e+00 1.200000000000000000e+01 6.282705642555501679e-01 9.989892771178916497e-01 4.069694993277868545e-13 1.743145119737187350e-05
1.666666666999999935e-01 3.833333333300000145e+00 0.000000000000000000e+00 -3.835145141640737165e+00 5.000000000000000000e+00 3.138466010389963645e-01 9.995272425698369378e-01 -6.439293549653394151e-15 -3.301838403281246200e-11
3.333333332999999787e-01 0.000000000000000000e+00 3.666666666699999855e+00 -3.674246345483055620e+00 6.000000000000000000e+00 4.080438403428505167e-01 -1.035200576776681980e-03 -3.404383946517237707e-14 9.979274500509602852e-01
3.333333332999999787e-01 1.666666666999999935e-01 3.500000000000000000e+00 -3.509740402661464032e+00 1.200000000000000000e+01 6.400265000052520747e-01 2.273146199900333633e-02 9.201736594910414624e-13 9.967954785418472463e-01
3.333333332999999787e-01 3.333333332999999787e-01 3.333333333300000145e+00 -3.349612241860270956e+00 2.000000000000000000e+01 8.459586777520184953e-01 4.892255948667071502e-02 -1.328798182598234234e-12 9.929286138850471621e-01
3.333333332999999787e-01 5.000000000000000000e-01 3.166666666699999855e+00 -3.194567267110443254e+00 2.400000000000000000e+01 1.059338435411685708e+00 7.799326017807656219e-02 3.158029393546257779e-13 9.854335222282714080e-01
3.333333332999999787e-01 6.666666666999999658e-01 3.000000000000000000e+00 -3.045485942403558965e+00 3.000000000000000000e+01 1.298178999462510141e+00 1.105367590127298849e-01 -1.796895967658916857e-13 9.730788758140336281e-01
3.333333332999999787e-01 8.333333333000000342e-01 2.833333333300000145e+00 -2.903487267594456966e+00 3.000000000000000000e+01 1.585742772859274119e+00 1.473483078965432957e-01 4.442313554394646219e-13 9.541311053808103626e-01
3.333333332999999787e-01 1.000000000000000000e+00 2.666666666699999855e+00 -2.770025415150030312e+00 3.000000000000000000e+01 1.970592392553438987e+00 1.895337110072548292e-01 5.422328821501841989e-13 9.260846613517661474e-01
3.333333332999999787e-01 1.166666666700000077e+00 2.500000000000000000e+00 -2.647044777067506516e+00 3.000000000000000000e+01 2.514926248311366574e+00 2.387084283671437324e-01 3.552216281586521204e-12 8.851940465447236672e-01
3.333333332999999787e-01 1.333333333299999923e+00 2.333333333300000145e+00 -2.537247599821284894e+00 3.000000000000000000e+01 3.382789386364329687e+00 2.974064265623031500e-01 -2.614678242973784819e-13 8.255948664405676762e-01
3.333333332999999787e-01 1.500000000000000000e+00 2.166666666699999855e+00 -2.444610175259469997e+00 3.000000000000000000e+01 4.998902692454023189e+00 3.700774673070580389e-01 1.894827685016803334e-10 7.374204614460653229e-01
3.333333332999999787e-01 1.666666666700000077e+00 2.000000000000000000e+00 -2.375592417805648893e+00 3.000000000000000000e+01 9.534916914925839038e+00 4.663981811249237053e-01 1.948623691049660533e-08 6.015021363001797905e-01
3.333333332999999787e-01 1.833333333299999923e+00 1.833333333299999923e+00 -2.321702488135997555e+00 3.000000000000000000e+01 5.570295288782627097e+01 6.715369024348045723e-01 -1.184953038223383100e-03 2.967350635361403199e-01
3.333333332999999787e-01 2.000000000000000000e+00 1.666666666700000077e+00 -2.375592424443809136e+00 3.000000000000000000e+01 9.610666432232124023e+00 7.895641524484673379e-01 1.977841476204811228e-09 1.432524220320343655e-01
3.333333332999999787e-01 2.166666666699999855e+00 1.500000000000000000e+00 -2.444610175413501452e+00 3.000000000000000000e+01 5.037123211999483985e+00 8.634025330253038977e-01 -5.717825116442082843e-10 7.342767826717339075e-02
3.333333332999999787e-01 2.333333333300000145e+00 1.333333333299999923e+00 -2.537247599826329747e+00 3.000000000000000000e+01 3.387326814450995816e+00 9.095673458938311473e-01 3.289652897008089220e-12 3.875307372768497377e-02
3.333333332999999787e-01 2.500000000000000000e+00 1.166666666700000077e+00 -2.647044777067932841e+00 3.000000000000000000e+01 2.519742514976961445e+00 9.402397197241956217e-01 6.414748293956093917e-12 2.027858087812056676e-02
3.333333332999999787e-01 2.666666666699999855e+00 1.000000000000000000e+00 -2.770025415150001891e+00 3.000000000000000000e+01 1.974473123890633675e+00 9.611148362361499053e-01 -1.899436571621224757e-12 1.024443469825949901e-02
3.333333332999999787e-01 2.833333333300000145e+00 8.333333333000000342e-01 -2.903487267594968557e+00 3.000000000000000000e+01 1.591990243608174760e+00 9.753901783241554213e-01 2.342975480408405114e-13 4.851625455478104053e-03
3.333333332999999787e-01 3.000000000000000000e+00 6.666666666999999658e-01 -3.045485942403757917e+00 3.000000000000000000e+01 1.301247846091588389e+00 9.850396378026932132e-01 -3.645586458002740806e-14 2.064469250240790962e-03
3.333333332999999787e-01 3.166666666699999855e+00 5.000000000000000000e-01 -3.194567267110627995e+00 2.300000000000000000e+01 1.057289431842139082e+00 9.913566131733135833e-01 1.862121567797813932e-13 7.324813364629529809e-04
3.333333332999999787e-01 3.333333333300000145e+00 3.333333332999999787e-01 -3.349612241859958317e+00 1.700000000000000000e+01 8.476777691976188356e-01 9.952246139347807885e-01 2.214894933504649574e-13 1.839317450700131710e-04
3.333333332999999787e-01 3.500000000000000000e+00 1.666666666999999935e-01 -3.509740402661464032e+00 1.200000000000000000e+01 6.388424485572261613e-01 9.972661731522058925e-01 3.523800535923676376e-14 1.940667598260384678e-05
3.333333332999999787e-01 3.666666666699999855e+00 0.000000000000000000e+00 -3.674246345483496157e+00 6.000000000000000000e+00 4.084103756149506936e-01 9.979306715974315400e-01 -8.484606346946378893e-15 -2.766521139925214382e-09
5.000000000000000000e-01 0.000000000000000000e+00 3.500000000000000000e+00 -3.517880036969899038e+00 6.000000000000000000e+00 5.003756183335975605e-01 -2.564161830474193885e-03 -2.600120511232870802e-13 9.948584433890816925e-01
5.000000000000000000e-01 1.666666666999999935e-01 3.333333333300000145e+00 -3.353733570323697677e+00 1.400000000000000000e+01 6.501510385460288477e-01 2.231452484181997015e-02 -6.774580896480064283e-13 9.936141115814617342e-01
5.000000000000000000e-01 3.333333332999999787e-01 3.166666666699999855e+00 -3.194218691142680200e+00 2.000000000000000000e+01 8.655096329042103465e-01 4.986659166488049272e-02 -4.046762924758695590e-14 9.893337937464763421e-01
5.000000000000000000e-01 5.000000000000000000e-01 3.000000000000000000e+00 -3.040122176972218426e+00 2.400000000000000000e+01 1.090039746903190832e+00 8.062345300926059000e-02 -3.430394857062424308e-12 9.809658472496360915e-01
5.000000000000000000e-01 6.666666666999999658e-01 2.833333333300000145e+00 -2.892437774533192396e+00 3.000000000000000000e+01 1.350403507288374438e+00 1.152883745994130182e-01 4.896083503833201509e-14 9.670345222831494558e-01
5.000000000000000000e-01 8.333333333000000342e-01 2.666666666699999855e+00 -2.752446381192470426e+00 3.000000000000000000e+01 1.670958512094831594e+00 1.548223654715350506e-01 -4.794498487841703699e-13 9.454190750492276196e-01
5.000000000000000000e-01 1.000000000000000000e+00 2.500000000000000000e+00 -2.621841528724644377e+00 3.000000000000000000e+01 2.106640797374252472e+00 2.005952849949698136e-01 -3.029887991340889760e-12 9.129794985296056931e-01
5.000000000000000000e-01 1.166666666700000077e+00 2.333333333300000145e+00 -2.502938185465779952e+00 3.000000000000000000e+01 2.758181097846879037e+00 2.546777885088783444e-01 8.932554762611547671e-13 8.648804653737087733e-01
5.000000000000000000e-01 1.333333333299999923e+00 2.166666666699999855e+00 -2.399052392633862496e+00 3.000000000000000000e+01 3.878013553007437331e+00 3.204881957309384521e-01 -5.181182128065628242e-12 7.932451582240898080e-01
5.000000000000000000e-01 1.500000000000000000e+00 2.000000000000000000e+00 -2.315297455912087798e+00 3.000000000000000000e+01 6.270087751390724051e+00 4.045851191723598417e-01 4.346096646677357633e-09 6.839552000645668928e-01
5.000000000000000000e-01 1.666666666700000077e+00 1.833333333299999923e+00 -2.260805562024472692e+00 3.000000000000000000e+01 1.672689832546412703e+01 5.246137558215273611e-01 -4.492011067444493834e-08 5.048113833352916302e-01
5.000000000000000000e-01 1.833333333299999923e+00 1.666666666700000077e+00 -2.260805614288756260e+00 3.000000000000000000e+01 1.689792749775318725e+01 7.314396165202622369e-01 -4.341329078602775288e-09 2.028098190076467189e-01
5.000000000000000000e-01 2.000000000000000000e+00 1.500000000000000000e+00 -2.315297456661880915e+00 3.000000000000000000e+01 6.329273562349309046e+00 8.318346505160076898e-01 3.052864321664906490e-09 9.640021649576860363e-02
5.000000000000000000e-01 2.166666666699999855e+00 1.333333333299999923e+00 -2.399052392653857169e+00 3.000000000000000000e+01 3.875905880641702606e+00 8.898216101673963596e-01 -9.841589615309812635e-12 4.900640521909018638e-02
5.000000000000000000e-01 2.333333333300000145e+00 1.166666666700000077e+00 -2.502938185466177856e+00 3.000000000000000000e+01 2.759249044128611050e+00 9.270334651658798109e-01 6.183092024079380713e-12 2.500014893742400629e-02
5.000000000000000000e-01 2.500000000000000000e+00 1.000000000000000000e+00 -2.621841528724885961e+00 3.000000000000000000e+01 2.108025032870945559e+00 9.518341741692187830e-01 7.733879787188201011e-12 1.238436981573646373e-02
5.000000000000000000e-01 2.666666666699999855e+00 8.333333333000000342e-01 -2.752446381192967806e+00 3.000000000000000000e+01 1.671987526506328647e+00 9.685619432260262895e-01 5.044627238277385697e-13 5.769549987202550294e-03
5.000000000000000000e-01 2.833333333300000145e+00 6.666666666999999658e-01 -2.892437774533306083e+00 3.000000000000000000e+01 1.351010665846817282e+00 9.797717948484003792e-01 3.469511998827341345e-14 2.418968701650914960e-03
5.000000000000000000e-01 3.000000000000000000e+00 5.000000000000000000e-01 -3.040122176972175794e+00 2.300000000000000000e+01 1.089122528555833913e+00 9.870840260305541181e-01 1.923766701450652353e-12 8.456920709989263494e-04
5.000000000000000000e-01 3.166666666699999855e+00 3.333333332999999787e-01 -3.194218691142324928e+00 1.800000000000000000e+01 8.661488664393702797e-01 9.915782133670296705e-01 -2.746543394258293291e-14 2.086730443160445805e-04
5.000000000000000000e-01 3.333333333300000145e+00 1.666666666999999935e-01 -3.353733570323996105e+00 1.200000000000000000e+01 6.498210155071764138e-01 9.939999030647493905e-01 -1.262335866882607747e-14 2.135309088042785128e-05
5.000000000000000000e-01 3.500000000000000000e+00 0.000000000000000000e+00 -3.517880036969856405e+00 6.000000000000000000e+00 5.009281466359961632e-01 9.948782681784351656e-01 3.595515391394966148e-15 -4.188903671322417173e-08
6.666666666999999658e-01 0.000000000000000000e+00 3.333333333300000145e+00 -3.366750846585532031e+00 8.000000000000000000e+00 6.096319960307425845e-01 -5.050959966575806204e-03 -1.776911950912563043e-13 9.898464293725239838e-01
6.666666666999999658e-01 1.666666666999999935e-01 3.166666666699999855e+00 -3.203136355046069639e+00 1.400000000000000000e+01 6.621903630804856222e-01 2.100592600739146359e-02 -4.073380521831385362e-12 9.884744937936041920e-01
6.666666666999999658e-01 3.333333332999999787e-01 3.000000000000000000e+00 -3.044444777188175522e+00 2.000000000000000000e+01 8.870415173999662839e-01 5.002009200519874632e-02 3.589961661276674931e-12 9.837183804436050449e-01
6.666666666999999658e-01 5.000000000000000000e-01 2.833333333300000145e+00 -2.891559166066386410e+00 2.600000000000000000e+01 1.125219267798622802e+00 8.261601015705659357e-02 -9.716671914412187857e-13 9.743289694726936512e-01
6.666666666999999658e-01 6.666666666999999658e-01 2.666666666699999855e+00 -2.745609402492249274e+00 3.000000000000000000e+01 1.408768065034491812e+00 1.196344461036398243e-01 1.650207744665326545e-13 9.585174756980916477e-01
6.666666666999999658e-01 8.333333333000000342e-01 2.500000000000000000e+00 -2.608074756337543931e+00 3.000000000000000000e+01 1.767388161289385140e+00 1.622496350223715522e-01 -4.358763413056635855e-12 9.336526730986390854e-01
6.666666666999999658e-01 1.000000000000000000e+00 2.333333333300000145e+00 -2.480949519217190868e+00 3.000000000000000000e+01 2.273979870187935681e+00 2.121846072039010322e-01 -9.487751158294156254e-13 8.957294767985207740e-01
6.666666666999999658e-01 1.166666666700000077e+00 2.166666666699999855e+00 -2.367030696185906891e+00 3.000000000000000000e+01 3.077220739038333264e+00 2.721536924688280346e-01 2.013355257979383542e-12 8.383629071292243440e-01
6.666666666999999658e-01 1.333333333299999923e+00 2.000000000000000000e+00 -2.270475905351474921e+00 3.000000000000000000e+01 4.605247040880239950e+00 3.469420352806340535e-01 -1.723173849753945452e-11 7.506333912157718835e-01
6.666666666999999658e-01 1.500000000000000000e+00 1.833333333299999923e+00 -2.198115693714157715e+00 3.000000000000000000e+01 8.702670323594134061e+00 4.469881669424392578e-01 1.329927894672332675e-08 6.111274243650521854e-01
6.666666666999999658e-01 1.666666666700000077e+00 1.666666666700000077e+00 -2.165119143987794814e+00 3.000000000000000000e+01 4.748835878639889785e+01 6.417180880546735633e-01 -5.561743180933997020e-04 3.121211517114360623e-01
6.666666666999999658e-01 1.833333333299999923e+00 1.500000000000000000e+00 -2.198115698061229750e+00 3.000000000000000000e+01 8.804444884105830482e+00 7.871622750253925993e-01 1.255207207144452947e-08 1.312068560403878148e-01
6.666666666999999658e-01 2.000000000000000000e+00 1.333333333299999923e+00 -2.270475905433329444e+00 3.000000000000000000e+01 4.595141209557785267e+00 8.625685476591140599e-01 -3.430297967166352799e-10 6.329298921998613436e-02
6.666666666999999658e-01 2.166666666699999855e+00 1.166666666700000077e+00 -2.367030696187271133e+00 3.000000000000000000e+01 3.074679830236090705e+00 9.086766071248995047e-01 -1.387986262406975794e-12 3.126921499960949591e-02
6.666666666999999658e-01 2.333333333300000145e+00 1.000000000000000000e+00 -2.480949519217176658e+00 3.000000000000000000e+01 2.273439313882169355e+00 9.386409759651519469e-01 -3.228327585990844090e-11 1.512665598105905791e-02
6.666666666999999658e-01 2.500000000000000000e+00 8.333333333000000342e-01 -2.608074756337927624e+00 3.000000000000000000e+01 1.767314401809962909e+00 9.585498713504554402e-01 -9.806054009263152293e-14 6.910940046680008782e-03
6.666666666999999658e-01 2.666666666699999855e+00 6.666666666999999658e-01 -2.745609402492149798e+00 3.000000000000000000e+01 1.408761537736557212e+00 9.717826909498521459e-01 -9.272772573903002756e-13 2.847167701902845148e-03
6.666666666999999658e-01 2.833333333300000145e+00 5.000000000000000000e-01 -2.891559166066357989e+00 2.400000000000000000e+01 1.124743940733422098e+00 9.804014814763397645e-01 2.560774227158904057e-12 9.781024542625501098e-04
6.666666666999999658e-01 3.000000000000000000e+00 3.333333332999999787e-01 -3.044444777188147100e+00 1.800000000000000000e+01 8.872332243056174628e-01 9.857419726851367470e-01 3.877342911766090394e-14 2.363891607580810442e-04
6.666666666999999658e-01 3.166666666699999855e+00 1.666666666999999935e-01 -3.203136355045998585e+00 1.300000000000000000e+01 6.621380425697551697e-01 9.887064308493216380e-01 9.769962598112902154e-15 2.338700748199050276e-05
6.666666666999999658e-01 3.333333333300000145e+00 0.000000000000000000e+00 -3.366750846586185730e+00 7.000000000000000000e+00 6.098137954930116233e-01 9.899237219464489534e-01 -4.976575141919276521e-14 -3.182617000735489478e-07
8.333333333000000342e-01 0.000000000000000000e+00 3.166666666699999855e+00 -3.221732746119826629e+00 1.000000000000000000e+01 7.322906342403446844e-01 -8.811451019426243259e-03 1.165178543917272496e-12 9.822185603004580656e-01
8.333333333000000342e-01 1.666666666999999935e-01 3.000000000000000000e+00 -3.058875888609208005e+00 1.400000000000000000e+01 6.764001343863965676e-01 1.848282167433847045e-02 1.439792729197440600e-12 9.807015816354980320e-01
8.333333333000000342e-01 3.333333332999999787e-01 2.833333333300000145e+00 -2.901280314931142357e+00 2.000000000000000000e+01 9.112872065691137724e-01 4.905826182129990887e-02 -1.559030682329876072e-12 9.753980068091734346e-01
8.333333333000000342e-01 5.000000000000000000e-01 2.666666666699999855e+00 -2.749944072191937039e+00 2.600000000000000000e+01 1.165659204046908703e+00 8.365362650796448474e-02 1.873667887369767950e-12 9.648103004149901629e-01
8.333333333000000342e-01 6.666666666999999658e-01 2.500000000000000000e+00 -2.606162348688428665e+00 3.000000000000000000e+01 1.476771150054791981e+00 1.232830926421509543e-01 1.024735843119905021e-12 9.467437673402276932e-01
8.333333333000000342e-01 8.333333333000000342e-01 2.333333333300000145e+00 -2.471660457076154671e+00 3.000000000000000000e+01 1.883550646269168238e+00 1.693991393401890755e-01 4.667211031802904658e-11 9.178827554696833424e-01
8.333333333000000342e-01 1.000000000000000000e+00 2.166666666699999855e+00 -2.348816507317820879e+00 3.000000000000000000e+01 2.485959611125735158e+00 2.242076125524996022e-01 1.667146858762158812e-11 8.730163580134366885e-01
8.333333333000000342e-01 1.166666666700000077e+00 2.000000000000000000e+00 -2.241068630119087857e+00 3.000000000000000000e+01 3.516332615513656279e+00 2.913661108864180616e-01 -8.431324048701425373e-12 8.034885038254432343e-01
8.333333333000000342e-01 1.333333333299999923e+00 1.833333333299999923e+00 -2.153773106892515443e+00 3.000000000000000000e+01 5.783417788604013232e+00 3.779186250507703404e-01 3.796245477089029542e-09 6.935432894334747633e-01
8.333333333000000342e-01 1.500000000000000000e+00 1.666666666700000077e+00 -2.096605308895561848e+00 3.000000000000000000e+01 1.534293233594723915e+01 5.028634722668912094e-01 -1.995488530134840020e-07 5.072428338560865946e-01
8.333333333000000342e-01 1.666666666700000077e+00 1.500000000000000000e+00 -2.096605340511501936e+00 3.000000000000000000e+01 1.554931410901484057e+01 7.209621987013716815e-01 -5.212295236475178367e-08 1.894398190374882440e-01
8.333333333000000342e-01 1.833333333299999923e+00 1.333333333299999923e+00 -2.153773107278240673e+00 3.000000000000000000e+01 5.763097562823535469e+00 8.246219622980039965e-01 9.154007726625845010e-09 8.407774045561236531e-02
8.333333333000000342e-01 2.000000000000000000e+00 1.166666666700000077e+00 -2.241068630124203764e+00 3.000000000000000000e+01 3.509759260268753955e+00 8.832428417233975093e-01 1.048558953347192899e-11 3.983060673471629232e-02
8.333333333000000342e-01 2.166666666699999855e+00 1.000000000000000000e+00 -2.348816507318275626e+00 3.000000000000000000e+01 2.483737421608272822e+00 9.201359374627098298e-01 -6.024330525578679097e-11 1.871659940061874694e-02
8.333333333000000342e-01 2.333333333300000145e+00 8.333333333000000342e-01 -2.471660457076239936e+00 3.000000000000000000e+01 1.882699781818801821e+00 9.442360017314364029e-01 -7.971984491943489740e-12 8.355639436185897939e-03
8.333333333000000342e-01 2.500000000000000000e+00 6.666666666999999658e-01 -2.606162348688343400e+00 3.000000000000000000e+01 1.476401036654916954e+00 9.601285510912425103e-01 -8.515594073197195799e-12 3.372979725990339801e-03
8.333333333000000342e-01 2.666666666699999855e+00 5.000000000000000000e-01 -2.749944072191865985e+00 2.500000000000000000e+01 1.165548230952468067e+00 9.704846437671239556e-01 -5.412059689429117752e-13 1.135859109361170641e-03
8.333333333000000342e-01 2.833333333300000145e+00 3.333333332999999787e-01 -2.901280314931213411e+00 1.800000000000000000e+01 9.113313452074744969e-01 9.769797414358025733e-01 6.151524478957323769e-14 2.683704126307737679e-04
8.333333333000000342e-01 3.000000000000000000e+00 1.666666666999999935e-01 -3.058875888609208005e+00 1.300000000000000000e+01 6.763950559016040920e-01 9.807183561586811926e-01 8.468226119731038364e-14 2.557318162288646301e-05
8.333333333000000342e-01 3.166666666699999855e+00 0.000000000000000000e+00 -3.221732746119954527e+00 9.000000000000000000e+00 7.327456804409070434e-01 9.824554314373319386e-01 -9.631184740792064052e-14 -1.674409602341758639e-06
1.000000000000000000e+00 0.000000000000000000e+00 3.000000000000000000e+00 -3.083928850380203812e+00 1.200000000000000000e+01 8.940802883475459373e-01 -1.429619072024495077e-02 -8.518186156436513556e-14 9.709853958277028241e-01
1.000000000000000000e+00 1.666666666999999935e-01 2.833333333300000145e+00 -2.922128628489090829e+00 1.200000000000000000e+01 6.934054763570740576e-01 1.427761819886193793e-02 -1.375538571934953325e-12 9.693026475697159583e-01
1.000000000000000000e+00 3.333333332999999787e-01 2.666666666699999855e+00 -2.765988215908635084e+00 2.000000000000000000e+01 9.390640933394567291e-01 4.650124541163799113e-02 -2.021105505178866224e-12 9.633712653415049676e-01
1.000000000000000000e+00 5.000000000000000000e-01 2.500000000000000000e+00 -2.616644474842075851e+00 2.600000000000000000e+01 1.212573077230706176e+00 8.325451705784822631e-02 -1.804972838112046762e-12 9.513795918476712909e-01
1.000000000000000000e+00 6.666666666999999658e-01 2.333333333300000145e+00 -2.475595607252870423e+00 3.000000000000000000e+01 1.557397195490318964e+00 1.257723495004351433e-01 -9.024225825597268652e-12 9.306010790237528862e-01
1.000000000000000000e+00 8.333333333000000342e-01 2.166666666699999855e+00 -2.344876116817616207e+00 3.000000000000000000e+01 2.026878280566712043e+00 1.758759553368844375e-01 -1.327069619554949339e-10 8.967875283709438872e-01
1.000000000000000000e+00 1.000000000000000000e+00 2.000000000000000000e+00 -2.227362393213610403e+00 3.000000000000000000e+01 2.764667598400589732e+00 2.364483725057094921e-01 5.515965789500806482e-12 8.430077292801089195e-01
1.000000000000000000e+00 1.166666666700000077e+00 1.833333333299999923e+00 -2.127368205864641482e+00 3.000000000000000000e+01 4.162448571295022326e+00 3.125943239851328714e-01 -3.022468118174345937e-11 7.571573763374852550e-01
1.000000000000000000e+00 1.333333333299999923e+00 1.666666666700000077e+00 -2.052050370009354197e+00 3.000000000000000000e+01 7.894158421247469803e+00 4.154844793467132869e-01 5.312612594748775839e-11 6.152102859866035445e-01
1.000000000000000000e+00 1.500000000000000000e+00 1.500000000000000000e+00 -2.019065298682107823e+00 3.000000000000000000e+01 6.905795490747600240e+01 5.929747414184093346e-01 4.386847252850506083e-05 3.363708202890156596e-01
1.000000000000000000e+00 1.666666666700000077e+00 1.333333333299999923e+00 -2.052050370584638017e+00 3.000000000000000000e+01 8.010564769778749650e+00 7.707808660330524031e-01 -5.021691881674041460e-10 1.162994162443334867e-01
1.000000000000000000e+00 1.833333333299999923e+00 1.166666666700000077e+00 -2.127368205879648144e+00 3.000000000000000000e+01 4.150311414747028138e+00 8.478748984041255543e-01 1.016542800598053186e-09 5.196638389267470293e-02
1.000000000000000000e+00 2.000000000000000000e+00 1.000000000000000000e+00 -2.227362393213468295e+00 3.000000000000000000e+01 2.760438467480633040e+00 8.942871409917003689e-01 -1.231097006148981597e-10 2.354910663368205148e-02
1.000000000000000000e+00 2.166666666699999855e+00 8.333333333000000342e-01 -2.344876116817857792e+00 3.000000000000000000e+01 2.025287129155150190e+00 9.240069723746682229e-01 -2.145740176233961909e-10 1.022850324712873751e-02
1.000000000000000000e+00 2.333333333300000145e+00 6.666666666999999658e-01 -2.475595607252756736e+00 3.000000000000000000e+01 1.556709375909034909e+00 9.434529751285043453e-01 2.080516429109092859e-12 4.033864754957686496e-03
1.000000000000000000e+00 2.500000000000000000e+00 5.000000000000000000e-01 -2.616644474841862689e+00 2.600000000000000000e+01 1.212532794061935038e+00 9.561544753283817144e-01 -2.053735998841638873e-13 1.328829514065860747e-03
1.000000000000000000e+00 2.666666666699999855e+00 3.333333332999999787e-01 -2.765988215908805614e+00 1.800000000000000000e+01 9.390692670027479538e-01 9.642446783979254921e-01 -1.658005358344093893e-14 3.063682047103866678e-04
1.000000000000000000e+00 2.833333333300000145e+00 1.666666666999999935e-01 -2.922128628489232938e+00 1.200000000000000000e+01 6.930834679785398134e-01 9.690926639391519437e-01 -4.568191546707512415e-13 2.699101298699824262e-05
1.000000000000000000e+00 3.000000000000000000e+00 0.000000000000000000e+00 -3.083928850380118547e+00 1.100000000000000000e+01 8.939525081885318913e-01 9.716149752694607233e-01 3.180788881769229516e-14 -7.056743175874565906e-06
1.166666666700000077e+00 0.000000000000000000e+00 2.833333333300000145e+00 -2.954761884176605236e+00 1.400000000000000000e+01 1.102993090452476510e+00 -2.217147672898241162e-02 6.258882210270257261e-13 9.546260157299277793e-01
1.166666666700000077e+00 1.666666666999999935e-01 2.666666666699999855e+00 -2.794421018613107321e+00 1.000000000000000000e+01 7.102410360191826477e-01 7.688147522335000983e-03 -1.168529474283387566e-13 9.527488601105983390e-01
1.166666666700000077e+00 3.333333332999999787e-01 2.500000000000000000e+00 -2.640217267861302730e+00 2.000000000000000000e+01 9.714456898547232377e-01 4.161403211348353032e-02 -1.556882400777226394e-11 9.461020883940174375e-01
1.166666666700000077e+00 5.000000000000000000e-01 2.333333333300000145e+00 -2.493457076992186217e+00 2.800000000000000000e+01 1.267754284876984494e+00 8.066056090471411533e-02 -1.497774126946183060e-12 9.324775333036393610e-01
1.166666666700000077e+00 6.666666666999999658e-01 2.166666666699999855e+00 -2.355891014340883771e+00 3.000000000000000000e+01 1.654895548651936776e+00 1.263458757862503112e-01 4.101162939897419271e-13 9.084479563032200611e-01
1.166666666700000077e+00 8.333333333000000342e-01 2.000000000000000000e+00 -2.229947519525126154e+00 3.000000000000000000e+01 2.208928787556919904e+00 1.809878034172507366e-01 1.950588340647338448e-10 8.684774204139162901e-01
1.166666666700000077e+00 1.000000000000000000e+00 1.833333333299999923e+00 -2.119162035594712279e+00 3.000000000000000000e+01 3.148799939676033777e+00 2.484486155491266168e-01 -4.228499692318924015e-11 8.031214051365558326e-01
1.166666666700000077e+00 1.166666666700000077e+00 1.666666666700000077e+00 -2.029083950671513037e+00 3.000000000000000000e+01 5.212546360915167654e+00 3.361955103419534963e-01 -8.919282674948055395e-09 6.948036959199386242e-01
1.166666666700000077e+00 1.333333333299999923e+00 1.500000000000000000e+00 -1.969817573220140616e+00 3.000000000000000000e+01 1.394187051101974184e+01 4.644008204990384137e-01 -1.976091678502644075e-07 5.032699561905402685e-01
1.166666666700000077e+00 1.500000000000000000e+00 1.333333333299999923e+00 -1.969817580413788960e+00 3.000000000000000000e+01 1.392113191443869091e+01 6.913196408830242223e-01 -2.090427581902024892e-07 1.719820149369751805e-01
1.166666666700000077e+00 1.666666666700000077e+00 1.166666666700000077e+00 -2.029083950730992569e+00 3.000000000000000000e+01 5.191762903653772021e+00 7.981755420645213484e-01 -1.297636629206221023e-08 7.006463870765788915e-02
1.166666666700000077e+00 1.833333333299999923e+00 1.000000000000000000e+00 -2.119162035595017812e+00 3.000000000000000000e+01 3.141973780547267392e+00 8.580518728162184194e-01 -2.407177217323503585e-11 3.029458596555188038e-02
1.166666666700000077e+00 2.000000000000000000e+00 8.333333333000000342e-01 -2.229947519525438793e+00 3.000000000000000000e+01 2.206357150236778697e+00 8.954586821522363405e-01 -5.864728038825317694e-13 1.273237274535926958e-02
1.166666666700000077e+00 2.166666666699999855e+00 6.666666666999999658e-01 -2.355891014340812717e+00 3.000000000000000000e+01 1.653793352182884480e+00 9.197417023674219205e-01 4.245886692643476805e-12 4.888762740498036642e-03
1.166666666700000077e+00 2.333333333300000145e+00 5.000000000000000000e-01 -2.493457076992257271e+00 2.600000000000000000e+01 1.267734226793196362e+00 9.356687879598215574e-01 -2.398818054885094192e-12 1.570831235814854152e-03
1.166666666700000077e+00 2.500000000000000000e+00 3.333333332999999787e-01 -2.640217267861586947e+00 1.800000000000000000e+01 9.714441968992030274e-01 9.459996703642761240e-01 8.374375993099568272e-13 3.501468820403888255e-04
1.166666666700000077e+00 2.666666666699999855e+00 1.666666666999999935e-01 -2.794421018613348906e+00 1.000000000000000000e+01 7.102409539515637249e-01 9.524544137713630843e-01 -2.831642894055557704e-12 2.213172387044782440e-05
1.166666666700000077e+00 2.833333333300000145e+00 0.000000000000000000e+00 -2.954761884176747344e+00 1.300000000000000000e+01 1.103422689562009618e+00 9.561598361976160199e-01 2.078476279932603317e-12 -2.582168663453283713e-05
1.333333333299999923e+00 0.000000000000000000e+00 2.666666666699999855e+00 -2.836118426618327248e+00 1.600000000000000000e+01 1.415862493528468269e+00 -3.347205358963384336e-02 1.313854025575267315e-10 9.306617358642951254e-01
1.333333333299999923e+00 1.666666666999999935e-01 2.500000000000000000e+00 -2.677791071034633319e+00 1.000000000000000000e+01 8.986765578805259169e-01 -2.393012126997856592e-03 3.055250491434824474e-12 9.285356146725742832e-01
1.333333333299999923e+00 3.333333332999999787e-01 2.333333333300000145e+00 -2.526184459573968866e+00 2.000000000000000000e+01 1.010022224873800223e+00 3.321407233841108808e-02 2.141717359016581668e-11 9.210760562776656446e-01
1.333333333299999923e+00 5.000000000000000000e-01 2.166666666699999855e+00 -2.382815067617428895e+00 2.800000000000000000e+01 1.333881926352487479e+00 7.461882113036638620e-02 5.380279555211586739e-12 9.055826003214577646e-01
1.333333333299999923e+00 6.666666666999999658e-01 2.000000000000000000e+00 -2.249751240367672267e+00 3.000000000000000000e+01 1.775702911218097535e+00 1.237042736766373330e-01 -9.068221194133884656e-11 8.777101316049551460e-01
1.333333333299999923e+00 8.333333333000000342e-01 1.833333333299999923e+00 -2.129930260032026013e+00 3.000000000000000000e+01 2.448907459927530006e+00 1.834676563021617191e-01 -1.826086198053240434e-09 8.301331647753708021e-01
1.333333333299999923e+00 1.000000000000000000e+00 1.666666666700000077e+00 -2.027776420425723813e+00 3.000000000000000000e+01 3.715777129448922800e+00 2.592405433204639231e-01 3.745626034514557722e-10 7.496489331156230840e-01
1.333333333299999923e+00 1.166666666700000077e+00 1.500000000000000000e+00 -1.950658653087174343e+00 3.000000000000000000e+01 7.099064572020621355e+00 3.627193906417884861e-01 2.374702266474994613e-08 6.094230187962849099e-01
1.333333333299999923e+00 1.333333333299999923e+00 1.333333333299999923e+00 -1.913232798629451281e+00 3.000000000000000000e+01 7.597212631993572529e+01 5.458428997151523188e-01 1.685687673086346699e-04 3.204177415855543609e-01
1.333333333299999923e+00 1.500000000000000000e+00 1.166666666700000077e+00 -1.950658652964477824e+00 3.000000000000000000e+01 7.196631126124730216e+00 7.270169212196671005e-01 2.086519587156839594e-08 9.907366982390122812e-02
1.333333333299999923e+00 1.666666666700000077e+00 1.000000000000000000e+00 -2.027776420427116477e+00 3.000000000000000000e+01 3.704306389055420201e+00 8.066904713323446163e-01 6.974942782214799752e-10 4.015188919353220032e-02
1.333333333299999923e+00 1.833333333299999923e+00 8.333333333000000342e-01 -2.129930260032352862e+00 3.000000000000000000e+01 2.444725169453738189e+00 8.548531454713704791e-01 -2.111292481823958832e-09 1.620121898290858078e-02
1.333333333299999923e+00 2.000000000000000000e+00 6.666666666999999658e-01 -2.249751240367402261e+00 3.000000000000000000e+01 1.773902886622984454e+00 8.858695842397403819e-01 5.846005618588843615e-10 6.023156756612654469e-03
1.333333333299999923e+00 2.166666666699999855e+00 5.000000000000000000e-01 -2.382815067617727323e+00 2.600000000000000000e+01 1.333867941628874121e+00 9.063383657759311873e-01 -1.627509981476931617e-12 1.871568686344699493e-03
1.333333333299999923e+00 2.333333333300000145e+00 3.333333332999999787e-01 -2.526184459574380980e+00 1.700000000000000000e+01 1.008917110644490522e+00 9.198886398934045250e-01 1.253447345903169913e-11 3.858610577746218219e-04
1.333333333299999923e+00 2.500000000000000000e+00 1.666666666999999935e-01 -2.677791071035031223e+00 8.000000000000000000e+00 8.966468801406585198e-01 9.287125844465371483e-01 -4.140526686242910525e-14 -1.158057270055117810e-05
1.333333333299999923e+00 2.666666666699999855e+00 0.000000000000000000e+00 -2.836118426618341459e+00 1.500000000000000000e+01 1.414837413238118291e+00 9.342154576728238791e-01 -4.692357630664075879e-13 -8.641251245097359476e-05
1.500000000000000000e+00 0.000000000000000000e+00 2.500000000000000000e+00 -2.730596458886495270e+00 2.000000000000000000e+01 1.911694455342177079e+00 -4.992271996879749096e-02 2.495106898869892120e-11 8.947149441247461699e-01
1.500000000000000000e+00 1.666666666999999935e-01 2.333333333300000145e+00 -2.575067707647548332e+00 1.400000000000000000e+01 1.413089570556487651e+00 -1.784083888868953638e-02 6.665445962867375032e-11 8.921918235952643883e-01
1.500000000000000000e+00 3.333333332999999787e-01 2.166666666699999855e+00 -2.426992707407279681e+00 1.400000000000000000e+01 1.052592327510248893e+00 1.925847523178810666e-02 -3.462039004598906876e-11 8.837780888457629214e-01
1.500000000000000000e+00 5.000000000000000000e-01 2.000000000000000000e+00 -2.288152390817060677e+00 2.600000000000000000e+01 1.415178011771832445e+00 6.290545897296274946e-02 -2.728497983259828383e-11 8.661918721738492977e-01
1.500000000000000000e+00 6.666666666999999658e-01 1.833333333299999923e+00 -2.161020587077530308e+00 3.000000000000000000e+01 1.930160155884765638e+00 1.154503089797529053e-01 -6.162542999062965751e-12 8.339229308456954648e-01
1.500000000000000000e+00 8.333333333000000342e-01 1.666666666700000077e+00 -2.049199595933522744e+00 3.000000000000000000e+01 2.781492008332245192e+00 1.808303094694234947e-01 -3.244129120099729111e-11 7.771850724788847975e-01
1.500000000000000000e+00 1.000000000000000000e+00 1.500000000000000000e+00 -1.958334070124273296e+00 3.000000000000000000e+01 4.641806295665590554e+00 2.666848934068572485e-01 -4.955556133717382558e-08 6.770337247256976720e-01
1.500000000000000000e+00 1.166666666700000077e+00 1.333333333299999923e+00 -1.898649540956640180e+00 3.000000000000000000e+01 1.259830411100179681e+01 3.936224108907218633e-01 8.404419499240446431e-09 4.888625287332553082e-01
1.500000000000000000e+00 1.333333333299999923e+00 1.166666666700000077e+00 -1.898649539638014971e+00 3.000000000000000000e+01 1.260837125364284894e+01 6.217121719983620398e-01 2.559862726745269128e-09 1.512086483205462573e-01
1.500000000000000000e+00 1.500000000000000000e+00 1.000000000000000000e+00 -1.958334070127108362e+00 3.000000000000000000e+01 4.621928294235007506e+00 7.324088886391075803e-01 -6.197366622036822317e-08 5.534465059954487426e-02
1.500000000000000000e+00 1.666666666700000077e+00 8.333333333000000342e-01 -2.049199595933814066e+00 3.000000000000000000e+01 2.774327110655631756e+00 7.960134105396323712e-01 -3.722018195112488973e-09 2.114972952792370381e-02
1.500000000000000000e+00 1.833333333299999923e+00 6.666666666999999658e-01 -2.161020587077445043e+00 3.000000000000000000e+01 1.927060051810039809e+00 8.366724547598710648e-01 -3.176408030726863567e-10 7.514693163905445880e-03
1.500000000000000000e+00 2.000000000000000000e+00 5.000000000000000000e-01 -2.288152390817359105e+00 2.500000000000000000e+01 1.415168625712780237e+00 8.637436444987225403e-01 1.961292239721466333e-12 2.187765833741218795e-03
1.500000000000000000e+00 2.166666666699999855e+00 3.333333332999999787e-01 -2.426992707407364946e+00 1.400000000000000000e+01 1.052591917396250576e+00 8.820706518905858662e-01 -1.172284461691903995e-12 3.386800603057268325e-04
1.500000000000000000e+00 2.333333333300000145e+00 1.666666666999999935e-01 -2.575067707647292536e+00 1.400000000000000000e+01 1.413090179403370339e+00 8.944886670761014180e-01 -2.372546888970356598e-12 -1.566934645848946559e-04
1.500000000000000000e+00 2.500000000000000000e+00 0.000000000000000000e+00 -2.730596458886381583e+00 1.800000000000000000e+01 1.912353545978763059e+00 9.027799277723357330e-01 9.604979398328216072e-13 -2.751973518730303075e-04
1.666666666700000077e+00 0.000000000000000000e+00 2.333333333300000145e+00 -2.641980500074240013e+00 2.800000000000000000e+01 2.902169213795240843e+00 -7.474286501724894394e-02 9.141243317856151407e-11 8.380801167994620382e-01
1.666666666700000077e+00 1.666666666999999935e-01 2.166666666699999855e+00 -2.490411287733564905e+00 2.000000000000000000e+01 2.276027413974042179e+00 -4.221111395168548885e-02 8.814896035325148205e-11 8.346569157536249950e-01
1.666666666700000077e+00 3.333333332999999787e-01 2.000000000000000000e+00 -2.347251426680813324e+00 1.000000000000000000e+01 1.419164763221251180e+00 -4.207345079210757233e-03 -2.230546463143329382e-11 8.248982884990605502e-01
1.666666666700000077e+00 5.000000000000000000e-01 1.833333333299999923e+00 -2.214622354456793119e+00 2.000000000000000000e+01 1.511918583087895840e+00 4.109517693284612389e-02 -6.233114024922770113e-11 8.049251682344458203e-01
1.666666666700000077e+00 6.666666666999999658e-01 1.666666666700000077e+00 -2.095522316743817726e+00 3.000000000000000000e+01 2.136512792332267541e+00 9.662201220685238956e-02 -2.113914600620030895e-11 7.678893575784121461e-01
1.666666666700000077e+00 8.333333333000000342e-01 1.500000000000000000e+00 -1.994426625356354066e+00 3.000000000000000000e+01 3.276994474238188459e+00 1.676028162886908091e-01 4.913444416091750882e-09 7.008061168440617994e-01
1.666666666700000077e+00 1.000000000000000000e+00 1.333333333299999923e+00 -1.918667524866592089e+00 3.000000000000000000e+01 6.388569780343896554e+00 2.655174138501624759e-01 6.242793556185414672e-09 5.758007824279496312e-01
1.666666666700000077e+00 1.166666666700000077e+00 1.166666666700000077e+00 -1.883592121669607877e+00 3.000000000000000000e+01 8.003749497313674510e+01 4.543351785135384402e-01 2.117330852236719296e-03 2.758586202142827015e-01
1.666666666700000077e+00 1.333333333299999923e+00 1.000000000000000000e+00 -1.918667524888988396e+00 3.000000000000000000e+01 6.352958432909399988e+00 6.212593642749590916e-01 2.995551724645698973e-08 7.985330646567609381e-02
1.666666666700000077e+00 1.500000000000000000e+00 8.333333333000000342e-01 -1.994426625356744864e+00 3.000000000000000000e+01 3.263923809903586104e+00 7.076696191989225726e-01 -1.573766087112605748e-08 2.805042157117227514e-02
1.666666666700000077e+00 1.666666666700000077e+00 6.666666666999999658e-01 -2.095522316743689828e+00 3.000000000000000000e+01 2.130846463322108697e+00 7.627042371058107006e-01 1.668899714474237262e-11 9.146312121329601072e-03
1.666666666700000077e+00 1.833333333299999923e+00 5.000000000000000000e-01 -2.214622354456906805e+00 2.000000000000000000e+01 1.511913642232237009e+00 7.998556650171189109e-01 1.769124856961173272e-11 2.178324057772644887e-03
1.666666666700000077e+00 2.000000000000000000e+00 3.333333332999999787e-01 -2.347251426680330155e+00 1.000000000000000000e+01 1.419164849418287799e+00 8.256376591242169383e-01 1.489425756708354166e-11 -1.236235717365615828e-04
1.666666666700000077e+00 2.166666666699999855e+00 1.666666666999999935e-01 -2.490411287733664381e+00 2.000000000000000000e+01 2.276035041371915479e+00 8.437703688596775997e-01 -2.603121918458129418e-11 -7.138650326580129549e-04
1.666666666700000077e+00 2.333333333300000145e+00 0.000000000000000000e+00 -2.641980500073927374e+00 2.400000000000000000e+01 2.903020154767452343e+00 8.565647652539709611e-01 3.231521588975688249e-12 -8.673304103339046908e-04
1.833333333299999923e+00 0.000000000000000000e+00 2.166666666699999855e+00 -2.576351512292418988e+00 2.600000000000000000e+01 5.768656380601841605e+00 -1.153941777735630753e-01 -1.282532366154290225e-09 7.394833625267240862e-01
1.833333333299999923e+00 1.666666666999999935e-01 2.000000000000000000e+00 -2.430588248258658268e+00 3.000000000000000000e+01 4.724389137940057992e+00 -8.388609112888545383e-02 9.197159699435302324e-11 7.331305733575205208e-01
1.833333333299999923e+00 3.333333332999999787e-01 1.833333333299999923e+00 -2.294557420771553780e+00 2.800000000000000000e+01 3.587637160439962614e+00 -4.671251847040736038e-02 -2.358081507836118362e-10 7.202037861988677125e-01
1.833333333299999923e+00 5.000000000000000000e-01 1.666666666700000077e+00 -2.170837069828777999e+00 1.000000000000000000e+01 1.935332504204120729e+00 -1.794219881556029239e-03 5.316441532004874797e-12 6.964532162004353211e-01
1.833333333299999923e+00 6.666666666999999658e-01 1.500000000000000000e+00 -2.063115953278952475e+00 2.800000000000000000e+01 2.422853634630683484e+00 5.437728047635330408e-02 7.531986423447989409e-10 6.539691886333414139e-01
1.833333333299999923e+00 8.333333333000000342e-01 1.333333333299999923e+00 -1.976994833373041160e+00 3.000000000000000000e+01 4.072558832614829427e+00 1.286459909220636633e-01 5.376714371570539253e-09 5.764914687772708657e-01
1.833333333299999923e+00 1.000000000000000000e+00 1.166666666700000077e+00 -1.922033545416979905e+00 3.000000000000000000e+01 1.145690095105247330e+01 2.393430724609974525e-01 4.827393521378420576e-09 4.224310023348045173e-01
1.833333333299999923e+00 1.166666666700000077e+00 1.000000000000000000e+00 -1.922033545445145819e+00 3.000000000000000000e+01 1.143917301992161484e+01 4.435764695356002596e-01 -2.347407639762680740e-09 1.173022066624969106e-01
1.833333333299999923e+00 1.333333333299999923e+00 8.333333333000000342e-01 -1.976994833373204585e+00 3.000000000000000000e+01 4.073073327631830942e+00 5.646414361449008101e-01 -3.898751733227872636e-09 3.447031100160023731e-02
1.833333333299999923e+00 1.500000000000000000e+00 6.666666666999999658e-01 -2.063115953278796155e+00 2.800000000000000000e+01 2.422839243299908851e+00 6.428464986161162020e-01 6.023002394900134901e-10 8.417440407484402115e-03
1.833333333299999923e+00 1.666666666700000077e+00 5.000000000000000000e-01 -2.170837069828962740e+00 1.000000000000000000e+01 1.935315486473708546e+00 6.969530537198324049e-01 -7.795294081063754036e-12 -1.634648774191148140e-04
1.833333333299999923e+00 1.833333333299999923e+00 3.333333332999999787e-01 -2.294557420771653256e+00 2.400000000000000000e+01 3.572166344641352520e+00 7.355679543734732206e-01 1.547257491093821897e-11 -2.556986069695757653e-03
1.833333333299999923e+00 2.000000000000000000e+00 1.666666666999999935e-01 -2.430588248259056172e+00 3.000000000000000000e+01 4.739823994595342427e+00 7.636634983758581185e-01 -4.909533931733543952e-10 -2.911644335836250860e-03
1.833333333299999923e+00 2.166666666699999855e+00 0.000000000000000000e+00 -2.576351512292774260e+00 2.100000000000000000e+01 5.753743305106584494e+00 7.843632883065345673e-01 4.983060105701207114e-10 -2.872923814590232390e-03
2.000000000000000000e+00 0.000000000000000000e+00 2.000000000000000000e+00 -2.546479043354338501e+00 3.000000000000000000e+01 3.824622617990862636e+02 -2.123497431285271964e-01 3.637810047093815724e-01 4.889378747705531714e-01
2.000000000000000000e+00 1.666666666999999935e-01 1.833333333299999923e+00 -2.410087505817500642e+00 3.000000000000000000e+01 3.405628981802488511e+02 -1.897274470890512321e-01 3.858804007579418882e-01 4.643583563005297399e-01
2.000000000000000000e+00 3.333333332999999787e-01 1.666666666700000077e+00 -2.285565120588671562e+00 3.000000000000000000e+01 4.068827962394913698e+02 -1.637058382672249013e-01 3.652883519488741015e-01 4.306534888505092473e-01
2.000000000000000000e+00 5.000000000000000000e-01 1.500000000000000000e+00 -2.176220474891124468e+00 3.000000000000000000e+01 3.949109652422993122e+02 -1.332836720678942100e-01 3.902385973905094785e-01 3.830595698167338359e-01
2.000000000000000000e+00 6.666666666999999658e-01 1.333333333299999923e+00 -2.086792447136986084e+00 3.000000000000000000e+01 5.555996159188376851e+02 -9.735766078043228688e-02 3.867549939368055689e-01 3.121062451713316754e-01
2.000000000000000000e+00 8.333333333000000342e-01 1.166666666700000077e+00 -2.024350973228592920e+00 3.000000000000000000e+01 2.899554605258811648e+02 -5.410954559886841514e-02 -4.824393532089333303e-01 1.990751407056750577e-01
2.000000000000000000e+00 1.000000000000000000e+00 1.000000000000000000e+00 -2.000000000000007105e+00 1.000000000000000000e+00 0.000000000000000000e+00 0.000000000000000000e+00 1.000000000000000000e+00 0.000000000000000000e+00
2.000000000000000000e+00 1.166666666700000077e+00 8.333333333000000342e-01 -2.024350996888642840e+00 3.000000000000000000e+01 4.569479763934334073e+02 2.202150770341503305e-01 4.657956942536922718e-01 -3.096176878867427928e-02
2.000000000000000000e+00 1.333333333299999923e+00 6.666666666999999658e-01 -2.086792444333241292e+00 3.000000000000000000e+01 3.989015287437183019e+02 3.667464304494053584e-01 4.376330455962956778e-01 -3.329616435411676678e-02
2.000000000000000000e+00 1.500000000000000000e+00 5.000000000000000000e-01 -2.176220466905760986e+00 3.000000000000000000e+01 8.128278021797185602e+02 4.689721683133728503e-01 2.117977803587633712e-01 -2.793713248081522438e-02
2.000000000000000000e+00 1.666666666700000077e+00 3.333333332999999787e-01 -2.285565155311360286e+00 3.000000000000000000e+01 3.535780106582786857e+02 5.417290837755578403e-01 4.033272152108756115e-01 -2.203973568618099524e-02
2.000000000000000000e+00 1.833333333299999923e+00 1.666666666999999935e-01 -2.410087426904283348e+00 3.000000000000000000e+01 4.717023563114867102e+02 5.957972706064151858e-01 -4.607863026416494923e-01 -1.716269348363925681e-02
2.000000000000000000e+00 2.000000000000000000e+00 0.000000000000000000e+00 -2.546479000505541990e+00 3.000000000000000000e+01 4.911294414392888257e+02 6.364985944918353233e-01 3.531750445830132423e-01 -1.400490212477002380e-02
2.166666666699999855e+00 0.000000000000000000e+00 1.833333333299999923e+00 -2.576351512292632151e+00 3.000000000000000000e+01 2.796892696663058508e+00 -2.830253929120355449e-01 8.544158901039540233e-01 2.316445902728770101e-01
2.166666666699999855e+00 1.666666666999999935e-01 1.666666666700000077e+00 -2.456013352777333125e+00 2.500000000000000000e+01 2.386395563637549788e+00 -2.589696878905017874e-01 8.837540984727404458e-01 1.956558145511307911e-01
2.166666666699999855e+00 3.333333332999999787e-01 1.500000000000000000e+00 -2.350958420663204151e+00 2.100000000000000000e+01 1.971086025915202766e+00 -2.279272171580734863e-01 9.158169725195510757e-01 1.542651033818107920e-01
2.166666666699999855e+00 5.000000000000000000e-01 1.333333333299999923e+00 -2.265154717637926751e+00 1.500000000000000000e+01 1.583745587503393892e+00 -1.860291656266472582e-01 9.489422803530724870e-01 1.081640869231675212e-01
2.166666666699999855e+00 6.666666666999999658e-01 1.166666666700000077e+00 -2.203437573159860108e+00 1.100000000000000000e+01 1.239132786377301176e+00 -1.277342140884273614e-01 9.787477973820898347e-01 6.032086008155351786e-02
2.166666666699999855e+00 8.333333333000000342e-01 1.000000000000000000e+00 -2.170837069858620794e+00 6.000000000000000000e+00 9.437583734846726191e-01 -4.793763980818163684e-02 9.974259077708165222e-01 1.719017903716287335e-02
2.166666666699999855e+00 1.000000000000000000e+00 8.333333333000000342e-01 -2.170837069858720270e+00 6.000000000000000000e+00 9.437584899231725721e-01 5.188339929057281252e-02 9.974259077708178545e-01 -1.323949500822779735e-02
2.166666666699999855e+00 1.166666666700000077e+00 6.666666666999999658e-01 -2.203437573160201168e+00 1.100000000000000000e+01 1.239784691276855089e+00 1.599286275997481299e-01 9.787477973847490409e-01 -2.778778500255727618e-02
2.166666666699999855e+00 1.333333333299999923e+00 5.000000000000000000e-01 -2.265154717637614112e+00 1.500000000000000000e+01 1.585720739280237490e+00 2.617002929644921538e-01 9.489422803535448869e-01 -3.051790800154518396e-02
2.166666666699999855e+00 1.500000000000000000e+00 3.333333332999999787e-01 -2.350958420663104675e+00 2.100000000000000000e+01 1.974087053931659286e+00 3.490949719574299448e-01 9.158169725119178484e-01 -2.769911025679328703e-02
2.166666666699999855e+00 1.666666666700000077e+00 1.666666666999999935e-01 -2.456013352777077330e+00 2.500000000000000000e+01 2.391961667096248245e+00 4.207028238050599667e-01 8.837540984750189565e-01 -2.364711464926961063e-02
2.166666666699999855e+00 1.833333333299999923e+00 0.000000000000000000e+00 -2.576351512292404777e+00 2.900000000000000000e+01 2.798531781325938272e+00 4.783078477400141137e-01 8.544158900693674674e-01 -2.037922616517465896e-02
2.333333333300000145e+00 0.000000000000000000e+00 1.666666666700000077e+00 -2.641980500074240013e+00 1.900000000000000000e+01 1.403331408989701101e+00 -2.792221072371964818e-01 9.146435902185142686e-01 1.288263646846531940e-01
2.333333333300000145e+00 1.666666666999999935e-01 1.500000000000000000e+00 -2.538766878191751175e+00 1.800000000000000000e+01 1.201806633900523558e+00 -2.452119384617011399e-01 9.381427059827130988e-01 9.996850260688093515e-02
2.333333333300000145e+00 3.333333332999999787e-01 1.333333333299999923e+00 -2.452970406947784454e+00 1.300000000000000000e+01 1.009038540234599379e+00 -2.019951804807784967e-01 9.609751619525479516e-01 7.064986475910363384e-02
2.333333333300000145e+00 5.000000000000000000e-01 1.166666666700000077e+00 -2.388002953923361815e+00 1.000000000000000000e+01 8.478059719906763103e-01 -1.472153864194026274e-01 9.809156223595405510e-01 4.264746284869691539e-02
2.333333333300000145e+00 6.666666666999999658e-01 1.000000000000000000e+00 -2.347251426631075333e+00 7.000000000000000000e+00 6.960378610059275717e-01 -7.947986846140595030e-02 9.949102475946984825e-01 1.833521587438126377e-02
2.333333333300000145e+00 8.333333333000000342e-01 8.333333333000000342e-01 -2.333333333300004142e+00 1.000000000000000000e+00 0.000000000000000000e+00 0.000000000000000000e+00 1.000000000000000000e+00 0.000000000000000000e+00
2.333333333300000145e+00 1.000000000000000000e+00 6.666666666999999658e-01 -2.347251426630862170e+00 7.000000000000000000e+00 6.961440129890490436e-01 8.648913236679997563e-02 9.949102475946974833e-01 -1.130171215510027832e-02
2.333333333300000145e+00 1.166666666700000077e+00 5.000000000000000000e-01 -2.388002953923319183e+00 1.000000000000000000e+01 8.482181950590250707e-01 1.731222861027605087e-01 9.809156223594557300e-01 -1.640274622650647607e-02
2.333333333300000145e+00 1.333333333299999923e+00 3.333333332999999787e-01 -2.452970406947116544e+00 1.300000000000000000e+01 1.009117117600305313e+00 2.538121446975493134e-01 9.609751619526323285e-01 -1.744075717592812047e-02
2.333333333300000145e+00 1.500000000000000000e+00 1.666666666999999935e-01 -2.538766878191594856e+00 1.600000000000000000e+01 1.198439457321816892e+00 3.250877993052845305e-01 9.381427059827558423e-01 -1.666349343367876101e-02
2.333333333300000145e+00 1.666666666700000077e+00 0.000000000000000000e+00 -2.641980500073856319e+00 1.900000000000000000e+01 1.406809065468405118e+00 3.859976286986009364e-01 9.146435902148961627e-01 -1.567658291859225228e-02
2.500000000000000000e+00 0.000000000000000000e+00 1.500000000000000000e+00 -2.730596458886680011e+00 1.400000000000000000e+01 9.259870365259572633e-01 -2.558571623407040474e-01 9.457416090027420674e-01 7.309719110585016777e-02
2.500000000000000000e+00 1.666666666999999935e-01 1.333333333299999923e+00 -2.643634704843904615e+00 1.300000000000000000e+01 7.979326268138915434e-01 -2.142722154349218366e-01 9.640524171986807334e-01 5.233782850086550475e-02
2.500000000000000000e+00 3.333333332999999787e-01 1.166666666700000077e+00 -2.575067707689470353e+00 1.000000000000000000e+01 6.881927113783322669e-01 -1.639870442848983534e-01 9.801882078584929214e-01 3.326935840202839556e-02
2.500000000000000000e+00 5.000000000000000000e-01 1.000000000000000000e+00 -2.527495315914023877e+00 7.000000000000000000e+00 5.803430774998095121e-01 -1.044442101850645982e-01 9.924505635097919942e-01 1.705175030047247076e-02
2.500000000000000000e+00 6.666666666999999658e-01 8.333333333000000342e-01 -2.503082857231561320e+00 5.000000000000000000e+00 4.898026983973551851e-01 -3.643976670663563733e-02 9.991353186976343892e-01 4.636939256847485633e-03
2.500000000000000000e+00 8.333333333000000342e-01 6.666666666999999658e-01 -2.503082857232072911e+00 5.000000000000000000e+00 4.898235630844080535e-01 3.746353902177865930e-02 9.991353186976351664e-01 -3.612467454627621422e-03
2.500000000000000000e+00 1.000000000000000000e+00 5.000000000000000000e-01 -2.527495315914109142e+00 7.000000000000000000e+00 5.805457824957551694e-01 1.133119961621783661e-01 9.924505635097924383e-01 -8.131042890575541915e-03
2.500000000000000000e+00 1.166666666700000077e+00 3.333333332999999787e-01 -2.575067707689683516e+00 1.000000000000000000e+01 6.886077172276694469e-01 1.869089195761595712e-01 9.801882078585046898e-01 -9.988275104874592969e-03
2.500000000000000000e+00 1.333333333299999923e+00 1.666666666999999935e-01 -2.643634704843577765e+00 1.300000000000000000e+01 7.980238733008940821e-01 2.549942579395316766e-01 9.640524171984963253e-01 -1.045725551008376553e-02
2.500000000000000000e+00 1.500000000000000000e+00 0.000000000000000000e+00 -2.730596458886395794e+00 1.400000000000000000e+01 9.279769534144124421e-01 3.157644263042054811e-01 9.457416090031015576e-01 -1.061676172989193569e-02
2.666666666699999855e+00 0.000000000000000000e+00 1.333333333299999923e+00 -2.836118426617645127e+00 1.200000000000000000e+01 6.810689426334647356e-01 -2.251858510123071200e-01 9.646786299633292039e-01 4.115985935741909435e-02
2.666666666699999855e+00 1.666666666999999935e-01 1.166666666700000077e+00 -2.764093450790483075e+00 1.000000000000000000e+01 5.968864989939132171e-01 -1.788800845666655426e-01 9.787477973855749358e-01 2.706298004275918545e-02
2.666666666699999855e+00 3.333333332999999787e-01 1.000000000000000000e+00 -2.710697941814345313e+00 7.000000000000000000e+00 5.109389425682930863e-01 -1.253848019328362706e-01 9.900445484221653825e-01 1.524144589251000617e-02
2.666666666699999855e+00 5.000000000000000000e-01 8.333333333000000342e-01 -2.677791071074324236e+00 6.000000000000000000e+00 4.368859071939783512e-01 -6.523137908586032485e-02 9.974259077719628275e-01 6.179175850186438904e-03
2.666666666699999855e+00 6.666666666999999658e-01 6.666666666999999658e-01 -2.666666666699995858e+00 1.000000000000000000e+00 0.000000000000000000e+00 0.000000000000000000e+00 1.000000000000000000e+00 0.000000000000000000e+00
2.666666666699999855e+00 8.333333333000000342e-01 5.000000000000000000e-01 -2.677791071074551610e+00 6.000000000000000000e+00 4.368864289629061926e-01 6.778370612411606377e-02 9.974259077719633826e-01 -3.621190422396235002e-03
2.666666666699999855e+00 1.000000000000000000e+00 3.333333332999999787e-01 -2.710697941814288470e+00 7.000000000000000000e+00 5.112668921593005456e-01 1.351606302940350779e-01 9.900445484221653825e-01 -5.381886601045455382e-03
2.666666666699999855e+00 1.166666666700000077e+00 1.666666666999999935e-01 -2.764093450790312545e+00 1.000000000000000000e+01 5.973532998943799077e-01 1.994295940336341943e-01 9.787477973855858160e-01 -6.138398286339326153e-03
2.666666666699999855e+00 1.333333333299999923e+00 0.000000000000000000e+00 -2.836118426618185140e+00 1.000000000000000000e+01 6.811025883463062147e-01 2.586579046008934402e-01 9.646786299633307582e-01 -6.674849497725952527e-03
2.833333333300000145e+00 0.000000000000000000e+00 1.166666666700000077e+00 -2.954761884176065223e+00 1.000000000000000000e+01 5.366823712361579179e-01 -1.922917210748368855e-01 9.770441187412568507e-01 2.257525189185358855e-02
2.833333333300000145e+00 1.666666666999999935e-01 1.000000000000000000e+00 -2.896305578931148261e+00 7.000000000000000000e+00 4.635252359621406804e-01 -1.435195739702552209e-01 9.876900324169659573e-01 1.344373845237646983e-02
2.833333333300000145e+00 3.333333332999999787e-01 8.333333333000000342e-01 -2.856263534024407136e+00 7.000000000000000000e+00 4.057656672126377373e-01 -8.924551447928577574e-02 9.954088251732220449e-01 6.457018098514741636e-03
2.833333333300000145e+00 5.000000000000000000e-01 6.666666666999999658e-01 -2.835896164971799749e+00 5.000000000000000000e+00 3.483935274246345304e-01 -3.051778146790455615e-02 9.994803837784814737e-01 1.652905698556003059e-03
2.833333333300000145e+00 6.666666666999999658e-01 5.000000000000000000e-01 -2.835896164972325550e+00 5.000000000000000000e+00 3.484115956862800512e-01 3.094447677195884955e-02 9.994803837784821399e-01 -1.226008808377458507e-03
2.833333333300000145e+00 8.333333333000000342e-01 3.333333332999999787e-01 -2.856263534024407136e+00 7.000000000000000000e+00 4.059068788558820029e-01 9.299463743527225379e-02 9.954088251732222670e-01 -2.692262302920776090e-03
2.833333333300000145e+00 1.000000000000000000e+00 1.666666666999999935e-01 -2.896305578930949309e+00 7.000000000000000000e+00 4.640077804113545423e-01 1.534634305999607040e-01 9.876900324169660683e-01 -3.388946544746513842e-03
2.833333333300000145e+00 1.166666666700000077e+00 0.000000000000000000e+00 -2.954761884176349440e+00 1.000000000000000000e+01 5.376508222576016349e-01 2.105505842641177683e-01 9.770441187412608475e-01 -3.937687031036035332e-03
3.000000000000000000e+00 0.000000000000000000e+00 1.000000000000000000e+00 -3.083928850379280107e+00 7.000000000000000000e+00 4.291421555530177678e-01 -1.595531307582096214e-01 9.853849721883541912e-01 1.182933549898952490e-02
3.000000000000000000e+00 1.666666666999999935e-01 8.333333333000000342e-01 -3.037750373112984903e+00 7.000000000000000000e+00 3.779196627357277460e-01 -1.099234178283333419e-01 9.932643839831104549e-01 6.210788031901682757e-03
3.000000000000000000e+00 3.333333332999999787e-01 6.666666666999999658e-01 -3.009507870989949652e+00 5.000000000000000000e+00 3.243783042241932257e-01 -5.633197433195438752e-02 9.982773202518244737e-01 2.335282621359507840e-03
3.000000000000000000e+00 5.000000000000000000e-01 5.000000000000000000e-01 -3.000000000000000000e+00 1.000000000000000000e+00 0.000000000000000000e+00 0.000000000000000000e+00 1.000000000000000000e+00 0.000000000000000000e+00
3.000000000000000000e+00 6.666666666999999658e-01 3.333333332999999787e-01 -3.009507870989949652e+00 5.000000000000000000e+00 3.244999650655519541e-01 5.747663643329282285e-02 9.982773202518251399e-01 -1.188764148227419845e-03
3.000000000000000000e+00 8.333333333000000342e-01 1.666666666999999935e-01 -3.037750373113354385e+00 7.000000000000000000e+00 3.781916821209639901e-01 1.143669559105663369e-01 9.932643839831210020e-01 -1.739123718173390737e-03
3.000000000000000000e+00 1.000000000000000000e+00 0.000000000000000000e+00 -3.083928850380090125e+00 7.000000000000000000e+00 4.303418333838564536e-01 1.690839245716906913e-01 9.853849721883560786e-01 -2.168019401575227694e-03
3.166666666699999855e+00 0.000000000000000000e+00 8.333333333000000342e-01 -3.221732746120082425e+00 7.000000000000000000e+00 3.564747463793850879e-01 -1.281110500485111436e-01 9.910692682238853024e-01 5.771650449405674697e-03
3.166666666699999855e+00 1.666666666999999935e-01 6.666666666999999658e-01 -3.186659570763822558e+00 5.000000000000000000e+00 3.054231220400598357e-01 -7.872017934631372893e-02 9.967012955865035551e-01 2.538937114602671762e-03
3.166666666699999855e+00 3.333333332999999787e-01 5.000000000000000000e-01 -3.168897768899952894e+00 4.000000000000000000e+00 2.629440159896104801e-01 -2.666092847710236149e-02 9.996285976881374991e-01 5.869698474486181265e-04
3.166666666699999855e+00 5.000000000000000000e-01 3.333333332999999787e-01 -3.168897768900421852e+00 4.000000000000000000e+00 2.629440281102117249e-01 2.685623546681557491e-02 9.996285976881378321e-01 -3.915929104212405266e-04
3.166666666699999855e+00 6.666666666999999658e-01 1.666666666999999935e-01 -3.186659570763453075e+00 5.000000000000000000e+00 3.057656685995912005e-01 8.044747183314140959e-02 9.967012955864957835e-01 -8.061568665023860492e-04
3.166666666699999855e+00 8.333333333000000342e-01 0.000000000000000000e+00 -3.221732746119855051e+00 7.000000000000000000e+00 3.572881850733501397e-01 1.327486558479860634e-01 9.910692682238875229e-01 -1.094248095378743887e-03
3.333333333300000145e+00 0.000000000000000000e+00 6.666666666999999658e-01 -3.366750846585489398e+00 6.000000000000000000e+00 2.922604907633792881e-01 -9.848727620371283686e-02 9.949102475935976964e-01 2.519127967517956722e-03
3.333333333300000145e+00 1.666666666999999935e-01 5.000000000000000000e-01 -3.341735505032787046e+00 5.000000000000000000e+00 2.535862434010150435e-01 -5.005783858371302963e-02 9.987054902223611030e-01 8.347759350968683755e-04
3.333333333300000145e+00 3.333333332999999787e-01 3.333333332999999787e-01 -3.333333333300032564e+00 1.000000000000000000e+00 0.000000000000000000e+00 0.000000000000000000e+00 1.000000000000000000e+00 0.000000000000000000e+00
3.333333333300000145e+00 5.000000000000000000e-01 1.666666666999999935e-01 -3.341735505032829678e+00 5.000000000000000000e+00 2.537529839778118745e-01 5.057460241265878537e-02 9.987054902223615471e-01 -3.173571156280078102e-04
3.333333333300000145e+00 6.666666666999999658e-01 0.000000000000000000e+00 -3.366750846585745194e+00 5.000000000000000000e+00 2.920769701054599654e-01 1.005076601906468164e-01 9.949102475935791556e-01 -4.886926920909732790e-04
3.500000000000000000e+00 0.000000000000000000e+00 5.000000000000000000e-01 -3.517880036970112201e+00 5.000000000000000000e+00 2.431290116753380970e-01 -7.087957902485483852e-02 9.974259077713273358e-01 9.146004092231115653e-04
3.500000000000000000e+00 1.666666666999999935e-01 3.333333332999999787e-01 -3.501993494397041218e+00 4.000000000000000000e+00 2.036662359701875147e-01 -2.387035546617478909e-02 9.997110242919590162e-01 1.713042438164579071e-04
3.500000000000000000e+00 3.333333332999999787e-01 1.666666666999999935e-01 -3.501993494396913320e+00 3.000000000000000000e+00 2.027746924067183598e-01 2.395288233100554415e-02 9.997110242919604595e-01 -8.875377912033910899e-05
3.500000000000000000e+00 5.000000000000000000e-01 0.000000000000000000e+00 -3.517880036969415869e+00 5.000000000000000000e+00 2.440071803232600478e-01 7.161219669070391369e-02 9.974259077713265587e-01 -1.801185943863532323e-04
3.666666666699999855e+00 0.000000000000000000e+00 3.333333332999999787e-01 -3.674246345483311416e+00 5.000000000000000000e+00 1.992859160725365675e-01 -4.531343049599320660e-02 9.989631875102669145e-01 2.351511820992726307e-04
3.666666666699999855e+00 1.666666666999999935e-01 1.666666666999999935e-01 -3.666666666700052701e+00 1.000000000000000000e+00 0.000000000000000000e+00 0.000000000000000000e+00 1.000000000000000000e+00 0.000000000000000000e+00
3.666666666699999855e+00 3.333333332999999787e-01 0.000000000000000000e+00 -3.674246345482814036e+00 5.000000000000000000e+00 1.998737775328164046e-01 4.550164878263443513e-02 9.989631875102676917e-01 -4.673865602400225055e-05
3.833333333300000145e+00 0.000000000000000000e+00 1.666666666999999935e-01 -3.835145141639841881e+00 3.000000000000000000e+00 1.495371251565097148e-01 -2.172371382853709870e-02 9.997635094491961194e-01 2.569333989399779370e-05
3.833333333300000145e+00 1.666666666999999935e-01 0.000000000000000000e+00 -3.835145141640282418e+00 3.000000000000000000e+00 1.505202539124808059e-01 2.174427092990918048e-02 9.997635094491965635e-01 -5.131382130185969351e-06
4.000000000000000000e+00 0.000000000000000000e+00 0.000000000000000000e+00 -4.000000000000000000e+00 1.000000000000000000e+00 0.000000000000000000e+00 0.000000000000000000e+00 1.000000000000000000e+00 0.000000000000000000e+00
