# gzz,gx,gzxz,E,chi,corrlength,mx,mz,mstring
0.000000000000000000e+00 0.000000000000000000e+00 4.000000000000000000e+00 -3.999999999999971578e+00 2.000000000000000000e+00 6.437893704712721599e-02 -1.226792011801986441e-14 7.237266341775239198e-15 9.999999999999993339e-01
0.000000000000000000e+00 1.666666666999999935e-01 3.833333333300000145e+00 -3.836133360249817770e+00 2.200000000000000000e+01 6.797521559616980236e-01 2.273136249634805789e-02 -8.685482943901252022e-13 9.987413877271662521e-01
0.000000000000000000e+00 3.333333332999999787e-01 3.666666666699999855e+00 -3.678794009653586272e+00 3.000000000000000000e+01 9.305789945841242972e-01 5.004858185967603346e-02 4.792277681853475439e-13 9.940697913814123821e-01
0.000000000000000000e+00 5.000000000000000000e-01 3.500000000000000000e+00 -3.529804640529846438e+00 3.000000000000000000e+01 1.208628559179304895e+00 8.358545102206996202e-02 -2.889383794616347616e-12 9.839764806426556376e-01
0.000000000000000000e+00 6.666666666999999658e-01 3.333333333300000145e+00 -3.391863450101794797e+00 3.000000000000000000e+01 1.579453454744710106e+00 1.259648293307530365e-01 6.977226097325088052e-12 9.649163850173008150e-01
0.000000000000000000e+00 8.333333333000000342e-01 3.166666666699999855e+00 -3.269240301164444418e+00 3.000000000000000000e+01 2.150857084229831351e+00 1.818402594975219722e-01 -2.336244418137818871e-13 9.300652387520431663e-01
0.000000000000000000e+00 1.000000000000000000e+00 3.000000000000000000e+00 -3.169440728657377804e+00 3.000000000000000000e+01 3.269077000806374755e+00 2.610273345768577835e-01 -4.265938369949286643e-12 8.641832540543850083e-01
0.000000000000000000e+00 1.166666666700000077e+00 2.833333333300000145e+00 -3.108753176881947411e+00 3.000000000000000000e+01 7.250013226407396871e+00 3.943648091457276350e-01 -4.047613127352562391e-11 7.190125315586448629e-01
0.000000000000000000e+00 1.333333333299999923e+00 2.666666666699999855e+00 -3.172646818739707442e+00 3.000000000000000000e+01 9.313466975232120859e+00 7.922550238764884956e-01 2.370273290871137300e-09 1.908917641187917180e-01
0.000000000000000000e+00 1.500000000000000000e+00 2.500000000000000000e+00 -3.375781515648526465e+00 3.000000000000000000e+01 4.078163655743467508e+00 8.897132447299402891e-01 1.120464458646609252e-11 8.161217331003287057e-02
0.000000000000000000e+00 1.666666666700000077e+00 2.333333333300000145e+00 -3.620160130288553546e+00 3.000000000000000000e+01 2.802539903583124659e+00 9.313828732554167988e-01 1.534261594128790437e-13 4.225579264837112103e-02
0.000000000000000000e+00 1.833333333299999923e+00 2.166666666699999855e+00 -3.887832040315572613e+00 3.000000000000000000e+01 2.193234325055400280e+00 9.546057331726633954e-01 2.911511995316928497e-13 2.351733250222388244e-02
0.000000000000000000e+00 2.000000000000000000e+00 2.000000000000000000e+00 -4.170886824766952827e+00 3.000000000000000000e+01 1.822234344195007738e+00 9.690218727425378153e-01 3.877259445815775575e-14 1.356113185170191443e-02
0.000000000000000000e+00 2.166666666699999855e+00 1.833333333299999923e+00 -4.464902098304122546e+00 3.000000000000000000e+01 1.566138705585621071e+00 9.785307258303519440e-01 -4.748123901488646890e-14 7.948210821747566518e-03
0.000000000000000000e+00 2.333333333300000145e+00 1.666666666700000077e+00 -4.767110023224518045e+00 3.000000000000000000e+01 1.374696460561616096e+00 9.850451144060414777e-01 7.176895564052057105e-14 4.672740263989505483e-03
0.000000000000000000e+00 2.500000000000000000e+00 1.500000000000000000e+00 -5.075653040511411973e+00 3.000000000000000000e+01 1.223109887009230290e+00 9.896173889720890626e-01 -1.221061281645720480e-13 2.724919179681922245e-03
0.000000000000000000e+00 2.666666666699999855e+00 1.333333333299999923e+00 -5.389222312283209249e+00 3.000000000000000000e+01 1.097726541848361492e+00 9.928734210624132750e-01 3.116407595876856414e-13 1.558665351668327148e-03
0.000000000000000000e+00 2.833333333300000145e+00 1.166666666700000077e+00 -5.706861413627621005e+00 3.000000000000000000e+01 9.903325140359268142e-01 9.952072788297441353e-01 5.240225503686507362e-14 8.632733278715089276e-04
0.000000000000000000e+00 3.000000000000000000e+00 1.000000000000000000e+00 -6.027851186632716463e+00 2.700000000000000000e+01 8.923370701083398471e-01 9.968781765437912945e-01 2.969846566192346137e-14 4.552194495760697110e-04
0.000000000000000000e+00 3.166666666699999855e+00 8.333333333000000342e-01 -6.351638204944379140e+00 2.300000000000000000e+01 8.061874531848572945e-01 9.980626436089146125e-01 -5.833944439288794651e-13 2.230357245530956167e-04
0.000000000000000000e+00 3.333333333300000145e+00 6.666666666999999658e-01 -6.677788299088177837e+00 2.000000000000000000e+01 7.221822720659477612e-01 9.988843375391345258e-01 9.150910385160351598e-14 9.761645639919908188e-05
0.000000000000000000e+00 3.500000000000000000e+00 5.000000000000000000e-01 -7.005955252997182470e+00 1.600000000000000000e+01 6.433009254323945880e-01 9.994319244413325531e-01 1.060543316214800540e-14 3.550395717378318830e-05
0.000000000000000000e+00 3.666666666699999855e+00 3.333333332999999787e-01 -7.335859078951443735e+00 1.500000000000000000e+01 5.615465396310624913e-01 9.997702379936783679e-01 8.093525800408392857e-14 9.138180477498251286e-06
0.000000000000000000e+00 3.833333333300000145e+00 1.666666666999999935e-01 -7.667270558290368854e+00 1.000000000000000000e+01 4.613161572595501081e-01 9.999474799016494497e-01 1.199301033647210046e-13 9.990216091822012553e-07
0.000000000000000000e+00 4.000000000000000000e+00 0.000000000000000000e+00 -8.000000000000284217e+00 1.000000000000000000e+00 0.000000000000000000e+00 1.000000000000000444e+00 7.858438052696051567e-15 -4.956970436786980630e-62
1.666666666999999935e-01 0.000000000000000000e+00 3.833333333300000145e+00 -3.835145141640168731e+00 6.000000000000000000e+00 3.136331967265187926e-01 -2.364066657329216836e-04 1.172395369844948211e-13 9.995270748263090921e-01
1.666666666999999935e-01 1.666666666999999935e-01 3.666666666699999855e+00 -3.671450436485429236e+00 2.200000000000000000e+01 6.909539175754039197e-01 2.356711054147853784e-02 1.197153474474743330e-12 9.981467684344884628e-01
1.666666666999999935e-01 3.333333332999999787e-01 3.500000000000000000e+00 -3.514642588070586271e+00 3.000000000000000000e+01 9.531231069784174004e-01 5.242989375949710235e-02 1.033589877713478122e-12 9.929688389203862320e-01
1.666666666999999935e-01 5.000000000000000000e-01 3.333333333300000145e+00 -3.366758615260181386e+00 3.000000000000000000e+01 1.250601052077537023e+00 8.826736572043569762e-02 -2.551514671947071939e-11 9.816187924391162056e-01
1.666666666999999935e-01 6.666666666999999658e-01 3.166666666699999855e+00 -3.230883877871505661e+00 3.000000000000000000e+01 1.660371671922198811e+00 1.342462124121899247e-01 1.124979176901542267e-11 9.597676705585280743e-01
1.666666666999999935e-01 8.333333333000000342e-01 3.000000000000000000e+00 -3.112063753349218587e+00 3.000000000000000000e+01 2.325426643379882918e+00 1.962479114707433858e-01 1.534536132155735387e-13 9.186856563573682077e-01
1.666666666999999935e-01 1.000000000000000000e+00 2.833333333300000145e+00 -3.019666031044550891e+00 3.000000000000000000e+01 3.779870289658914473e+00 2.878071362310303805e-01 5.435194636134466817e-12 8.372072274840889339e-01
1.666666666999999935e-01 1.166666666700000077e+00 2.666666666699999855e+00 -2.977112251268806631e+00 3.000000000000000000e+01 1.277627032546311270e+01 4.662688631308604115e-01 -7.884718622481944941e-08 6.269586121042600713e-01
1.666666666999999935e-01 1.333333333299999923e+00 2.500000000000000000e+00 -3.103788585734250205e+00 3.000000000000000000e+01 6.222742994901447666e+00 8.381109708739089559e-01 -8.793364989407335450e-09 1.361795326316944110e-01
1.666666666999999935e-01 1.500000000000000000e+00 2.333333333300000145e+00 -3.325384630483569026e+00 3.000000000000000000e+01 3.430333343329203810e+00 9.087132844332810322e-01 -5.450967013453176657e-13 6.223935402145548690e-02
1.666666666999999935e-01 1.666666666700000077e+00 2.166666666699999855e+00 -3.580525805165109432e+00 3.000000000000000000e+01 2.493886840899998347e+00 9.424049634920255158e-01 -2.076083939062749708e-15 3.252742260240104599e-02
1.666666666999999935e-01 1.833333333299999923e+00 2.000000000000000000e+00 -3.855769976129579391e+00 3.000000000000000000e+01 1.995839501995411824e+00 9.618155526881517758e-01 1.749361522613443126e-13 1.800338569520942150e-02
1.666666666999999935e-01 2.000000000000000000e+00 1.833333333299999923e+00 -4.144598541711062012e+00 3.000000000000000000e+01 1.677193188766163967e+00 9.740394296345112890e-01 1.616792749575015859e-13 1.024116131388028844e-02
1.666666666999999935e-01 2.166666666699999855e+00 1.666666666700000077e+00 -4.443227870152043124e+00 3.000000000000000000e+01 1.450364978483088763e+00 9.821488540510974197e-01 1.807395725602392574e-12 5.882565378384415136e-03
1.666666666999999935e-01 2.333333333300000145e+00 1.500000000000000000e+00 -4.749240743016599708e+00 3.000000000000000000e+01 1.278682564935548882e+00 9.877068601285816651e-01 -2.919604862681024195e-14 3.366468789176400508e-03
1.666666666999999935e-01 2.500000000000000000e+00 1.333333333299999923e+00 -5.060993729983550793e+00 3.000000000000000000e+01 1.138916416459248238e+00 9.915932096701148835e-01 -1.304912316690470641e-13 1.895554443739498737e-03
1.666666666999999935e-01 2.666666666699999855e+00 1.166666666700000077e+00 -5.377318522921200383e+00 3.000000000000000000e+01 1.020175003313240625e+00 9.943392953070782081e-01 9.906298303836945817e-14 1.035752797538817133e-03
1.666666666999999935e-01 2.833333333300000145e+00 1.000000000000000000e+00 -5.697355871655048531e+00 2.700000000000000000e+01 9.154594217664414613e-01 9.962833965463189223e-01 -2.176037176071510507e-14 5.396810229404414017e-04
1.666666666999999935e-01 3.000000000000000000e+00 8.333333333000000342e-01 -6.020456545990185759e+00 2.400000000000000000e+01 8.219299949843190678e-01 9.976498144759885500e-01 -1.522483158621206017e-13 2.615346710106074366e-04
1.666666666999999935e-01 3.166666666699999855e+00 6.666666666999999658e-01 -6.346119051128681576e+00 2.000000000000000000e+01 7.357658467961827320e-01 9.985921967860309501e-01 -2.788515080565168472e-13 1.132431447864789485e-04
1.666666666999999935e-01 3.333333333300000145e+00 5.000000000000000000e-01 -6.673948784562298897e+00 1.700000000000000000e+01 6.536090752167806883e-01 9.992186289787211573e-01 -8.051892489967293982e-14 4.068892671169672715e-05
1.666666666999999935e-01 3.500000000000000000e+00 3.333333332999999787e-01 -7.003630324072560143e+00 1.500000000000000000e+01 5.690696193750192089e-01 9.996068425059341234e-01 -3.340383525689803568e-13 1.026828655605865571e-05
1.666666666999999935e-01 3.666666666699999855e+00 1.666666666999999935e-01 -7.334908081892081100e+00 1.100000000000000000e+01 4.652024791749197474e-01 9.998137868870451417e-01 2.078892584471648252e-14 1.038215668535241758e-06
1.666666666999999935e-01 3.833333333300000145e+00 0.000000000000000000e+00 -7.667572472620520330e+00 5.000000000000000000e+00 2.444894104201882912e-01 9.998818490617717991e-01 -2.545186831169486555e-14 -4.848641440305191723e-10
3.333333332999999787e-01 0.000000000000000000e+00 3.666666666699999855e+00 -3.674246345483055620e+00 6.000000000000000000e+00 4.080438403428505167e-01 -1.035200576776681980e-03 -3.404383946517237707e-14 9.979274500509602852e-01
3.333333332999999787e-01 1.666666666999999935e-01 3.500000000000000000e+00 -3.510832884679373933e+00 2.400000000000000000e+01 7.087580919046575501e-01 2.392110274766490532e-02 -1.147051204020144155e-13 9.964058977675021023e-01
3.333333332999999787e-01 3.333333332999999787e-01 3.333333333300000145e+00 -3.354713096247706972e+00 3.000000000000000000e+01 9.804221195879587736e-01 5.448500869824526860e-02 -5.498379848143680647e-14 9.906288656595105824e-01
3.333333332999999787e-01 5.000000000000000000e-01 3.166666666699999855e+00 -3.208178717732977248e+00 3.000000000000000000e+01 1.299997164959712403e+00 9.292221995250582456e-02 8.082727432489047253e-12 9.777570023689833301e-01
3.333333332999999787e-01 6.666666666999999658e-01 3.000000000000000000e+00 -3.074791566498092266e+00 3.000000000000000000e+01 1.757606738586244832e+00 1.431066938107172781e-01 2.394708520194512768e-11 9.524204918785887930e-01
3.333333332999999787e-01 8.333333333000000342e-01 2.833333333300000145e+00 -2.960603656512347470e+00 3.000000000000000000e+01 2.557114864490313444e+00 2.126390675011230746e-01 3.558662869214924446e-14 9.031812515157225940e-01
3.333333332999999787e-01 1.000000000000000000e+00 2.666666666699999855e+00 -2.877658998272792701e+00 3.000000000000000000e+01 4.619336993807479530e+00 3.211582802193992947e-01 4.010608500595194921e-10 7.991503298640496578e-01
3.333333332999999787e-01 1.166666666700000077e+00 2.500000000000000000e+00 -2.868818098141673545e+00 3.000000000000000000e+01 2.572730477689000850e+01 6.916265200944913261e-01 2.839920186558197910e-14 3.138293706598803134e-01
3.333333332999999787e-01 1.333333333299999923e+00 2.333333333300000145e+00 -3.047619028080731596e+00 3.000000000000000000e+01 4.691756065973083700e+00 8.689490917135556103e-01 7.149249912022489075e-11 9.950006251445314698e-02
3.333333332999999787e-01 1.500000000000000000e+00 2.166666666699999855e+00 -3.284017141408043017e+00 3.000000000000000000e+01 2.958503697502660845e+00 9.229544480194082912e-01 9.785930744248071892e-14 4.712568600190840395e-02
3.333333332999999787e-01 1.666666666700000077e+00 2.000000000000000000e+00 -3.548398208209206928e+00 3.000000000000000000e+01 2.235243375523301879e+00 9.506756317375941734e-01 2.072751909298481926e-13 2.466969878373560451e-02
3.333333332999999787e-01 1.833333333299999923e+00 1.833333333299999923e+00 -3.830276304038704893e+00 3.000000000000000000e+01 1.821439226871655492e+00 9.671014246772184908e-01 4.727874369331837576e-13 1.350875447701666184e-02
3.333333332999999787e-01 2.000000000000000000e+00 1.666666666700000077e+00 -4.124208523049546216e+00 3.000000000000000000e+01 1.545655429549266824e+00 9.775859715856575205e-01 -3.233264155283193758e-13 7.540789855283646856e-03
3.333333332999999787e-01 2.166666666699999855e+00 1.500000000000000000e+00 -4.426935407483313156e+00 3.000000000000000000e+01 1.343659797461318250e+00 9.845836244201400245e-01 -1.493649836803526454e-13 4.218385318750428672e-03
3.333333332999999787e-01 2.333333333300000145e+00 1.333333333299999923e+00 -4.736336372416843687e+00 3.000000000000000000e+01 1.185724919929906473e+00 9.893850072322647460e-01 3.267399999385215369e-13 2.330748499357720212e-03
3.333333332999999787e-01 2.500000000000000000e+00 1.166666666700000077e+00 -5.050952386203988453e+00 3.000000000000000000e+01 1.056064223918874889e+00 9.927325279714552808e-01 1.610595600290192779e-13 1.252866548328769591e-03
3.333333332999999787e-01 2.666666666699999855e+00 1.000000000000000000e+00 -5.369737513301231502e+00 2.800000000000000000e+01 9.423304894648387720e-01 9.950815304373337167e-01 5.429535274953747361e-14 6.431732495904261566e-04
3.333333332999999787e-01 2.833333333300000145e+00 8.333333333000000342e-01 -5.691917747540458095e+00 2.500000000000000000e+01 8.419466997182821766e-01 9.967251421335430184e-01 1.736388810234660230e-13 3.071997354072166474e-04
3.333333332999999787e-01 3.000000000000000000e+00 6.666666666999999658e-01 -6.016905511441478893e+00 2.000000000000000000e+01 7.504419819456880081e-01 9.978593533958868278e-01 1.028148163794051736e-14 1.308984983489968950e-04
3.333333332999999787e-01 3.166666666699999855e+00 5.000000000000000000e-01 -6.344245260166189837e+00 1.700000000000000000e+01 6.647906248672237339e-01 9.986192629294035061e-01 -4.754530121538988453e-14 4.598589878718087836e-05
3.333333332999999787e-01 3.333333333300000145e+00 3.333333332999999787e-01 -6.673577491489652402e+00 1.600000000000000000e+01 5.770695243791273965e-01 9.991003543079979288e-01 5.668564043440863453e-14 1.104650879314406935e-05
3.333333332999999787e-01 3.500000000000000000e+00 1.666666666999999935e-01 -7.004614153055996439e+00 1.300000000000000000e+01 4.694025175725415888e-01 9.993715328590152547e-01 -8.285039323082662710e-14 8.290402768092879013e-07
3.333333332999999787e-01 3.666666666699999855e+00 0.000000000000000000e+00 -7.337121375305969195e+00 8.000000000000000000e+00 3.030747468680843881e-01 9.994834043355604880e-01 7.198610043103758668e-16 -9.277718663548761080e-09
5.000000000000000000e-01 0.000000000000000000e+00 3.500000000000000000e+00 -3.517880036969899038e+00 6.000000000000000000e+00 5.003756183335975605e-01 -2.564161830474193885e-03 -2.600120511232870802e-13 9.948584433890816925e-01
5.000000000000000000e-01 1.666666666999999935e-01 3.333333333300000145e+00 -3.354887186799345500e+00 2.400000000000000000e+01 7.293228276184655634e-01 2.363030044288215448e-02 6.656480922018204183e-13 9.931730279769337422e-01
5.000000000000000000e-01 3.333333332999999787e-01 3.166666666699999855e+00 -3.199652189546398517e+00 3.000000000000000000e+01 1.014548682144234881e+00 5.607191936077412370e-02 -2.811195786263364549e-12 9.866810818525824089e-01
5.000000000000000000e-01 5.000000000000000000e-01 3.000000000000000000e+00 -3.054772680456892431e+00 3.000000000000000000e+01 1.361033705264592886e+00 9.746773334073188799e-02 4.591543654674595277e-12 9.719425178066229964e-01
5.000000000000000000e-01 6.666666666999999658e-01 2.833333333300000145e+00 -2.924405839239227589e+00 3.000000000000000000e+01 1.878634278440748817e+00 1.526303416209227881e-01 2.454785049407176310e-12 9.421734747118640785e-01
5.000000000000000000e-01 8.333333333000000342e-01 2.666666666699999855e+00 -2.815944822495993094e+00 3.000000000000000000e+01 2.859184611670553267e+00 2.316592312855591529e-01 4.415820236739264897e-14 8.819395256650472970e-01
5.000000000000000000e-01 1.000000000000000000e+00 2.500000000000000000e+00 -2.745534350857440131e+00 3.000000000000000000e+01 6.211709869332773692e+00 3.653614610875369206e-01 1.783554493229355352e-09 7.426786335372714820e-01
5.000000000000000000e-01 1.166666666700000077e+00 2.333333333300000145e+00 -2.797906906524460169e+00 3.000000000000000000e+01 9.035667210652350789e+00 7.847891318264856864e-01 1.787787310225044305e-09 1.881904012792149639e-01
5.000000000000000000e-01 1.333333333299999923e+00 2.166666666699999855e+00 -3.002903054578283104e+00 3.000000000000000000e+01 3.791980938788138467e+00 8.902375198868552886e-01 7.934220626109272677e-13 7.307414646178403417e-02
5.000000000000000000e-01 1.500000000000000000e+00 2.000000000000000000e+00 -3.251420976495325021e+00 3.000000000000000000e+01 2.588225580925528568e+00 9.331246651983426954e-01 2.807821905049750213e-14 3.524446484307018623e-02
5.000000000000000000e-01 1.666666666700000077e+00 1.833333333299999923e+00 -3.523700260081227498e+00 3.000000000000000000e+01 2.013994745643637341e+00 9.563974982995737673e-01 -7.523031764980101049e-13 1.835024964857172661e-02
5.000000000000000000e-01 1.833333333299999923e+00 1.666666666700000077e+00 -3.811334108223846329e+00 3.000000000000000000e+01 1.665038211029917781e+00 9.705439768983077364e-01 -1.077960430468284059e-12 9.881726526574863972e-03
5.000000000000000000e-01 2.000000000000000000e+00 1.500000000000000000e+00 -4.109724658089220384e+00 3.000000000000000000e+01 1.423632121049863919e+00 9.796985302482730251e-01 -2.814276074622609302e-13 5.376341252021911779e-03
5.000000000000000000e-01 2.166666666699999855e+00 1.333333333299999923e+00 -4.416043794465593919e+00 3.000000000000000000e+01 1.241931015888487311e+00 9.858531982878053768e-01 3.644038911409960300e-13 2.903567861029596707e-03
5.000000000000000000e-01 2.333333333300000145e+00 1.166666666700000077e+00 -4.728421094787790935e+00 3.000000000000000000e+01 1.096778595941934498e+00 9.900885197637743218e-01 -2.778951278688417150e-13 1.530274851832150911e-03
5.000000000000000000e-01 2.500000000000000000e+00 1.000000000000000000e+00 -5.045555299386535353e+00 2.900000000000000000e+01 9.735199062227012368e-01 9.930394632487056228e-01 1.296185381187945816e-13 7.714024506598487650e-04
5.000000000000000000e-01 2.666666666699999855e+00 8.333333333000000342e-01 -5.366506128174620471e+00 2.700000000000000000e+01 8.686153583549814927e-01 9.951015610363859176e-01 6.700195952776574150e-14 3.616909856712355103e-04
5.000000000000000000e-01 2.833333333300000145e+00 6.666666666999999658e-01 -5.690573612585779983e+00 2.100000000000000000e+01 7.664095660175046509e-01 9.965324164952407138e-01 -1.387778801630559773e-15 1.507495292593039071e-04
5.000000000000000000e-01 3.000000000000000000e+00 5.000000000000000000e-01 -6.017223938920665205e+00 1.700000000000000000e+01 6.768839404347649635e-01 9.975058075979457151e-01 8.737455162456530402e-14 5.114030121697125535e-05
5.000000000000000000e-01 3.166666666699999855e+00 3.333333332999999787e-01 -6.346041745009102897e+00 1.700000000000000000e+01 5.855658823471039387e-01 9.981423483179194811e-01 2.313704783148125313e-13 1.120893122659805940e-05
5.000000000000000000e-01 3.333333333300000145e+00 1.666666666999999935e-01 -6.676698284435758524e+00 1.200000000000000000e+01 4.738549952089419204e-01 9.985277399624146177e-01 -4.021557329361028013e-14 2.220835239124825036e-07
5.000000000000000000e-01 3.500000000000000000e+00 0.000000000000000000e+00 -7.008929521530006923e+00 8.000000000000000000e+00 3.511721445695361044e-01 9.987240824852946508e-01 6.280106615795955941e-15 -5.669781495503528227e-08
6.666666666999999658e-01 0.000000000000000000e+00 3.333333333300000145e+00 -3.366750846585532031e+00 8.000000000000000000e+00 6.096319960307425845e-01 -5.050959966575806204e-03 -1.776911950912563043e-13 9.898464293725239838e-01
6.666666666999999658e-01 1.666666666999999935e-01 3.166666666699999855e+00 -3.204357121999024116e+00 2.800000000000000000e+01 7.562232791587331082e-01 2.247008798338595917e-02 -2.844585678118960459e-12 9.879730670398191306e-01
6.666666666999999658e-01 3.333333332999999787e-01 3.000000000000000000e+00 -3.050255831692794573e+00 3.000000000000000000e+01 1.057214798327227090e+00 5.698996031111423083e-02 5.714928483358226802e-12 9.806226171573715344e-01
6.666666666999999658e-01 5.000000000000000000e-01 2.833333333300000145e+00 -2.907416285218118901e+00 3.000000000000000000e+01 1.438158240684412004e+00 1.017799899943055975e-01 -3.985418202643772036e-11 9.635641374018699690e-01
6.666666666999999658e-01 6.666666666999999658e-01 2.666666666699999855e+00 -2.780752961176474969e+00 3.000000000000000000e+01 2.039563111470579670e+00 1.629289160043532192e-01 -7.872657038492636532e-12 9.280409154181512577e-01
6.666666666999999658e-01 8.333333333000000342e-01 2.500000000000000000e+00 -2.679505925602256866e+00 3.000000000000000000e+01 3.326150939448205612e+00 2.543517859653983137e-01 -1.409957955159311404e-11 8.524305174758908255e-01
6.666666666999999658e-01 1.000000000000000000e+00 2.333333333300000145e+00 -2.626827124675315872e+00 3.000000000000000000e+01 1.062622049331631224e+01 4.320198926242470039e-01 -1.627408384760319299e-08 6.490671154371279172e-01
6.666666666999999658e-01 1.166666666700000077e+00 2.166666666699999855e+00 -2.745467092834587675e+00 3.000000000000000000e+01 5.840801153862163808e+00 8.289057396385464127e-01 -2.478749933543823816e-13 1.274079338664090566e-01
6.666666666999999658e-01 1.333333333299999923e+00 2.000000000000000000e+00 -2.968939278183697184e+00 3.000000000000000000e+01 3.171677063645152117e+00 9.044393853067587141e-01 -1.212230358530102941e-13 5.337963874813617116e-02
6.666666666999999658e-01 1.500000000000000000e+00 1.833333333299999923e+00 -3.227422621592921814e+00 3.000000000000000000e+01 2.287512282008969944e+00 9.396841243231648377e-01 -1.949906574343680410e-12 2.589222176973397793e-02
6.666666666999999658e-01 1.666666666700000077e+00 1.666666666700000077e+00 -3.506385139871454726e+00 3.000000000000000000e+01 1.821046942615099251e+00 9.597220026511317226e-01 -7.392955963838663308e-13 1.330851310805782235e-02
6.666666666999999658e-01 1.833333333299999923e+00 1.500000000000000000e+00 -3.798941869146190697e+00 3.000000000000000000e+01 1.522590306332527010e+00 9.722058255431270668e-01 -5.281114444809993425e-13 6.994712780847933339e-03
6.666666666999999658e-01 2.000000000000000000e+00 1.333333333299999923e+00 -4.101164379628599477e+00 3.000000000000000000e+01 1.308915278756348499e+00 9.804058665856554278e-01 -3.834981450037200218e-13 3.674242071016696302e-03
6.666666666999999658e-01 2.166666666699999855e+00 1.166666666700000077e+00 -4.410578783656717405e+00 3.000000000000000000e+01 1.143927239090843484e+00 9.859711911958122244e-01 4.604477251137146366e-13 1.890840557551086648e-03
6.666666666999999658e-01 2.333333333300000145e+00 1.000000000000000000e+00 -4.725524120290941710e+00 3.000000000000000000e+01 1.009114096397024429e+00 9.898235247120943381e-01 5.065268008640678939e-12 9.322518139690066062e-04
6.666666666999999658e-01 2.500000000000000000e+00 8.333333333000000342e-01 -5.044832743171468792e+00 2.800000000000000000e+01 8.943144364729740392e-01 9.925161957051917838e-01 -1.206785808910144746e-12 4.270777725605773506e-04
6.666666666999999658e-01 2.666666666699999855e+00 6.666666666999999658e-01 -5.367654478593578915e+00 2.200000000000000000e+01 7.874410715045907505e-01 9.943994066451140590e-01 -2.866646525263973732e-13 1.728341281385841269e-04
6.666666666999999658e-01 2.833333333300000145e+00 5.000000000000000000e-01 -5.693352782361785103e+00 1.800000000000000000e+01 6.900231052046583713e-01 9.957040377572385914e-01 1.094964910265111549e-14 5.567471999907729530e-05
6.666666666999999658e-01 3.000000000000000000e+00 3.333333332999999787e-01 -6.021440031915943791e+00 1.700000000000000000e+01 5.946541317557911821e-01 9.965873333787655941e-01 3.767264278016140921e-13 1.031506783298687631e-05
6.666666666999999658e-01 3.166666666699999855e+00 1.666666666999999935e-01 -6.351535454628191246e+00 1.200000000000000000e+01 6.062097886887826137e-01 9.971592612984061521e-01 -4.048743170495165284e-14 -1.036726172512910243e-06
6.666666666999999658e-01 3.333333333300000145e+00 0.000000000000000000e+00 -6.683336813108525121e+00 8.000000000000000000e+00 3.982072895949275715e-01 9.974984331294018958e-01 1.886873687495838954e-14 -2.185771401683948523e-07
8.333333333000000342e-01 0.000000000000000000e+00 3.166666666699999855e+00 -3.221732746119826629e+00 1.000000000000000000e+01 7.322906342403446844e-01 -8.811451019426243259e-03 1.165178543917272496e-12 9.822185603004580656e-01
8.333333333000000342e-01 1.666666666999999935e-01 3.000000000000000000e+00 -3.060168122583021955e+00 2.800000000000000000e+01 7.887603428182620169e-01 2.012430315353225946e-02 -1.897898505021089477e-12 9.801363223545618286e-01
8.333333333000000342e-01 3.333333332999999787e-01 2.833333333300000145e+00 -2.907517876845219007e+00 3.000000000000000000e+01 1.109642815406604255e+00 5.694982266359539802e-02 -5.633382658592824873e-11 9.717526703821697254e-01
8.333333333000000342e-01 5.000000000000000000e-01 2.666666666699999855e+00 -2.767208878353258683e+00 3.000000000000000000e+01 1.535952175369812212e+00 1.056702336490135952e-01 -2.608325850046780216e-11 9.517738954691699060e-01
8.333333333000000342e-01 6.666666666999999658e-01 2.500000000000000000e+00 -2.645139472331408115e+00 3.000000000000000000e+01 2.257586113365360525e+00 1.741611564742384655e-01 -2.050320511307787153e-12 9.086026762166790061e-01
8.333333333000000342e-01 8.333333333000000342e-01 2.333333333300000145e+00 -2.553208119155129907e+00 3.000000000000000000e+01 4.084184040048667974e+00 2.825791779123772995e-01 1.698474953504661328e-10 8.103825288845758479e-01
8.333333333000000342e-01 1.000000000000000000e+00 2.166666666699999855e+00 -2.532271313517696854e+00 3.000000000000000000e+01 3.131573342680526295e+01 6.518208631303086253e-01 2.710047870409766800e-07 3.273940490358882016e-01
8.333333333000000342e-01 1.166666666700000077e+00 2.000000000000000000e+00 -2.707818311232514930e+00 3.000000000000000000e+01 4.363527467314352037e+00 8.542746049645093542e-01 1.285167876797032847e-11 8.856046499717257214e-02
8.333333333000000342e-01 1.333333333299999923e+00 1.833333333299999923e+00 -2.945294272559436877e+00 3.000000000000000000e+01 2.712403540965933946e+00 9.129018938903595837e-01 -7.969969865683804786e-14 3.846399549925133554e-02
8.333333333000000342e-01 1.500000000000000000e+00 1.666666666700000077e+00 -3.211910547493488366e+00 3.000000000000000000e+01 2.036120575937478083e+00 9.429528517240074459e-01 3.210566946091675384e-12 1.856008696122262575e-02
8.333333333000000342e-01 1.666666666700000077e+00 1.500000000000000000e+00 -3.496431978718277378e+00 3.000000000000000000e+01 1.650301926792558493e+00 9.607625170908763446e-01 -1.242705905755596735e-13 9.334561680016197766e-03
8.333333333000000342e-01 1.833333333299999923e+00 1.333333333299999923e+00 -3.793112535960204923e+00 3.000000000000000000e+01 1.391448696072069113e+00 9.721345183030491999e-01 5.192347445103139974e-13 4.738459423399872875e-03
8.333333333000000342e-01 2.000000000000000000e+00 1.166666666700000077e+00 -4.098554609367624835e+00 3.000000000000000000e+01 1.201894745637684281e+00 9.797292038326660402e-01 1.161144580662569547e-12 2.368900277039380324e-03
8.333333333000000342e-01 2.166666666699999855e+00 1.000000000000000000e+00 -4.410572993090141836e+00 3.000000000000000000e+01 1.050181737098799140e+00 9.849468028100831773e-01 1.308509284962998628e-13 1.136813663127381538e-03
8.333333333000000342e-01 2.333333333300000145e+00 8.333333333000000342e-01 -4.727679946128859001e+00 2.800000000000000000e+01 9.230834943832391115e-01 9.885932624543964931e-01 -4.441982463896594125e-13 5.059022404574272129e-04
8.333333333000000342e-01 2.500000000000000000e+00 6.666666666999999658e-01 -5.048819235031231756e+00 2.400000000000000000e+01 8.073133364981890381e-01 9.911628675445816050e-01 9.563155924047484446e-13 1.968938062035412769e-04
8.333333333000000342e-01 2.666666666699999855e+00 5.000000000000000000e-01 -5.373216181878262887e+00 1.900000000000000000e+01 7.043470055059155577e-01 9.929735667673014188e-01 6.752931546067737021e-14 5.871599758557700726e-05
8.333333333000000342e-01 2.833333333300000145e+00 3.333333332999999787e-01 -5.700287530801460889e+00 1.800000000000000000e+01 6.038513131752267782e-01 9.942376442403099146e-01 1.927147582054880754e-13 7.622942815165031969e-06
8.333333333000000342e-01 3.000000000000000000e+00 1.666666666999999935e-01 -6.029584529871385712e+00 1.200000000000000000e+01 4.951599803309507108e-01 9.951011438072283610e-01 4.536817315183455204e-14 -3.383110090529102333e-06
8.333333333000000342e-01 3.166666666699999855e+00 0.000000000000000000e+00 -6.360755539008323467e+00 1.000000000000000000e+01 4.472071645849500787e-01 9.956670389457948911e-01 2.255048622177550188e-14 -6.586085308823739748e-07
1.000000000000000000e+00 0.000000000000000000e+00 3.000000000000000000e+00 -3.083928850380203812e+00 1.200000000000000000e+01 8.940802883475459373e-01 -1.429619072024495077e-02 -8.518186156436513556e-14 9.709853958277028241e-01
1.000000000000000000e+00 1.666666666999999935e-01 2.833333333300000145e+00 -2.923491603498405311e+00 3.000000000000000000e+01 8.333615407979687584e-01 1.613580245580815975e-02 -6.408235054192045661e-12 9.686877461259355560e-01
1.000000000000000000e+00 3.333333332999999787e-01 2.666666666699999855e+00 -2.772700282249630277e+00 3.000000000000000000e+01 1.174506439883477471e+00 5.552363046557043380e-02 2.509040170484807000e-11 9.590673242004351673e-01
1.000000000000000000e+00 5.000000000000000000e-01 2.500000000000000000e+00 -2.635553461249614315e+00 3.000000000000000000e+01 1.661233012325095126e+00 1.088455475148863705e-01 1.858072296793780928e-10 9.353693629056228920e-01
1.000000000000000000e+00 6.666666666999999658e-01 2.333333333300000145e+00 -2.519261043823718182e+00 3.000000000000000000e+01 2.562914298257600088e+00 1.865737891330181419e-01 -1.515496674309977387e-13 8.817466090550580837e-01
1.000000000000000000e+00 8.333333333000000342e-01 2.166666666699999855e+00 -2.439801767672179267e+00 3.000000000000000000e+01 5.537333311786341028e+00 3.202264005194698226e-01 1.905483732261724577e-09 7.476257490110349568e-01
1.000000000000000000e+00 1.000000000000000000e+00 2.000000000000000000e+00 -2.481466824540504490e+00 3.000000000000000000e+01 8.581220908068182496e+00 7.512111107987243797e-01 -1.003217308901291795e-07 1.770335489351030356e-01
1.000000000000000000e+00 1.166666666700000077e+00 1.833333333299999923e+00 -2.683468810827420725e+00 3.000000000000000000e+01 3.480590471315103684e+00 8.680036820507202044e-01 2.637859122778268939e-12 6.160787034567503928e-02
1.000000000000000000e+00 1.333333333299999923e+00 1.666666666700000077e+00 -2.931696029004868365e+00 3.000000000000000000e+01 2.354058175132481612e+00 9.164429880872406731e-01 2.292771067043697997e-13 2.710777810434829641e-02
1.000000000000000000e+00 1.500000000000000000e+00 1.500000000000000000e+00 -3.204822233298756373e+00 3.000000000000000000e+01 1.821768663017890422e+00 9.431571913162679621e-01 -3.455415625576235029e-13 1.286373201483582106e-02
1.000000000000000000e+00 1.666666666700000077e+00 1.333333333299999923e+00 -3.493843345407029233e+00 3.000000000000000000e+01 1.496260178732080837e+00 9.596023901694887837e-01 -9.194147369823720549e-15 6.255051226087745067e-03
1.000000000000000000e+00 1.833333333299999923e+00 1.166666666700000077e+00 -3.793873176605615072e+00 3.000000000000000000e+01 1.270808064659744163e+00 9.703643330827554925e-01 -5.526699376095208498e-14 3.017762986619292563e-03
1.000000000000000000e+00 2.000000000000000000e+00 1.000000000000000000e+00 -4.101931966011107988e+00 3.000000000000000000e+01 1.096752021125168453e+00 9.776825805592852525e-01 -1.267659061530962342e-14 1.401012751906938279e-03
1.000000000000000000e+00 2.166666666699999855e+00 8.333333333000000342e-01 -4.416066252025018457e+00 2.900000000000000000e+01 9.549662965483676214e-01 9.827847805861964492e-01 -6.913913885987712996e-14 6.011789226197003207e-04
1.000000000000000000e+00 2.333333333300000145e+00 6.666666666999999658e-01 -4.734928712920748239e+00 2.500000000000000000e+01 8.329871274351948740e-01 9.863979486343261716e-01 1.031286167563534771e-12 2.220335100070793541e-04
1.000000000000000000e+00 2.500000000000000000e+00 5.000000000000000000e-01 -5.057553864420242462e+00 2.000000000000000000e+01 7.210554349924394035e-01 9.889774301588836192e-01 3.452448786957394159e-14 5.867602453075610749e-05
1.000000000000000000e+00 2.666666666699999855e+00 3.333333332999999787e-01 -5.383228651852959956e+00 1.900000000000000000e+01 6.132139476550897417e-01 9.908208799065478800e-01 1.743050143716979986e-14 1.864265636534693732e-06
1.000000000000000000e+00 2.833333333300000145e+00 1.666666666999999935e-01 -5.711413342852893038e+00 1.400000000000000000e+01 4.908005985036464902e-01 9.921295720031678700e-01 -1.524456190682945124e-13 -7.573850031190018422e-06
1.000000000000000000e+00 3.000000000000000000e+00 0.000000000000000000e+00 -6.041690927009256029e+00 1.100000000000000000e+01 5.005438673950671769e-01 9.930434047491087934e-01 -5.218048216380310457e-14 -1.708170776484033469e-06
1.166666666700000077e+00 0.000000000000000000e+00 2.833333333300000145e+00 -2.954761884176605236e+00 1.400000000000000000e+01 1.102993090452476510e+00 -2.217147672898241162e-02 6.258882210270257261e-13 9.546260157299277793e-01
1.166666666700000077e+00 1.666666666999999935e-01 2.666666666699999855e+00 -2.795841806771704796e+00 3.000000000000000000e+01 8.895267121015036915e-01 9.820305584652570807e-03 6.978695398165176390e-12 9.521465574290197686e-01
1.166666666700000077e+00 3.333333332999999787e-01 2.500000000000000000e+00 -2.647438085536563790e+00 3.000000000000000000e+01 1.258523332140826678e+00 5.205741075043316540e-02 2.819359464129372829e-10 9.410753362932036126e-01
1.166666666700000077e+00 5.000000000000000000e-01 2.333333333300000145e+00 -2.514275731029727012e+00 3.000000000000000000e+01 1.826884475817116549e+00 1.108389180705774968e-01 1.032344713160978600e-10 9.125975886995910669e-01
1.166666666700000077e+00 6.666666666999999658e-01 2.166666666699999855e+00 -2.405370758849230128e+00 3.000000000000000000e+01 3.021832828702365692e+00 2.005990342089628009e-01 9.623132670755149356e-12 8.441897269523210845e-01
1.166666666700000077e+00 8.333333333000000342e-01 2.000000000000000000e+00 -2.343691180478629121e+00 3.000000000000000000e+01 9.628588301203080846e+00 3.782653979643477715e-01 4.989002911286734011e-09 6.437486786228299174e-01
1.166666666700000077e+00 1.000000000000000000e+00 1.833333333299999923e+00 -2.452707672284489604e+00 3.000000000000000000e+01 5.395631815427726075e+00 7.861062739815983802e-01 -6.046076130506556927e-10 1.121899535220560185e-01
1.166666666700000077e+00 1.166666666700000077e+00 1.666666666700000077e+00 -2.671627908634803816e+00 3.000000000000000000e+01 2.880262410283014329e+00 8.731103922898564296e-01 -1.704450433391583651e-12 4.223747605634031732e-02
1.166666666700000077e+00 1.333333333299999923e+00 1.500000000000000000e+00 -2.927983223284073233e+00 3.000000000000000000e+01 2.061347209927406166e+00 9.155872276154966016e-01 5.069768894933880929e-13 1.848481252966456545e-02
1.166666666700000077e+00 1.500000000000000000e+00 1.333333333299999923e+00 -3.206136770119258017e+00 3.000000000000000000e+01 1.632331220697266660e+00 9.404557543873577341e-01 5.821361158165162434e-12 8.502114101329279888e-03
1.166666666700000077e+00 1.666666666700000077e+00 1.166666666700000077e+00 -3.498644055817635490e+00 3.000000000000000000e+01 1.353056623917963552e+00 9.562997402453244922e-01 6.396765725419330458e-12 3.923496444982559755e-03
1.166666666700000077e+00 1.833333333299999923e+00 1.000000000000000000e+00 -3.801265133722267819e+00 3.000000000000000000e+01 1.150022034715392216e+00 9.669172036420151661e-01 6.677961566048808235e-13 1.748198356756469271e-03
1.166666666700000077e+00 2.000000000000000000e+00 8.333333333000000342e-01 -4.111343232231376987e+00 3.000000000000000000e+01 9.900382807890559800e-01 9.742728692213544761e-01 -8.517244561455393443e-13 7.161768975653848724e-04
1.166666666700000077e+00 2.166666666699999855e+00 6.666666666999999658e-01 -4.427106104297905631e+00 2.600000000000000000e+01 8.600469478953314262e-01 9.794852196648586862e-01 -1.923122680215940750e-13 2.460133675540270948e-04
1.166666666700000077e+00 2.333333333300000145e+00 5.000000000000000000e-01 -4.747316667683378455e+00 2.200000000000000000e+01 7.363342014488042375e-01 9.832345416397938465e-01 3.634848744038037868e-13 5.264151093924649154e-05
1.166666666700000077e+00 2.500000000000000000e+00 3.333333332999999787e-01 -5.071080697723033381e+00 1.900000000000000000e+01 6.239284560011130187e-01 9.859554308638843745e-01 -3.981537322085589042e-13 -9.174108963755777405e-06
1.166666666700000077e+00 2.666666666699999855e+00 1.666666666999999935e-01 -5.397733446643286470e+00 1.600000000000000000e+01 4.954231377276946402e-01 9.879363411465484912e-01 -2.042247646311124408e-13 -1.494666092233776190e-05
1.166666666700000077e+00 2.833333333300000145e+00 0.000000000000000000e+00 -5.726769211636707269e+00 1.300000000000000000e+01 5.657650623248898780e-01 9.893747025901097336e-01 5.911937604834333072e-14 -4.019290048750561085e-06
1.333333333299999923e+00 0.000000000000000000e+00 2.666666666699999855e+00 -2.836118426618327248e+00 1.600000000000000000e+01 1.415862493528468269e+00 -3.347205358963384336e-02 1.313854025575267315e-10 9.306617358642951254e-01
1.333333333299999923e+00 1.666666666999999935e-01 2.500000000000000000e+00 -2.679228900546632985e+00 3.000000000000000000e+01 9.591758358962326758e-01 1.048360941998394136e-04 -6.491102101821552520e-11 9.281329019773298938e-01
1.333333333299999923e+00 3.333333332999999787e-01 2.333333333300000145e+00 -2.533903349957313367e+00 3.000000000000000000e+01 1.371801318781190382e+00 4.550689878544017519e-02 1.961900825506360186e-10 9.154483646480451320e-01
1.333333333299999923e+00 5.000000000000000000e-01 2.166666666699999855e+00 -2.405807617111008767e+00 3.000000000000000000e+01 2.057897117287869282e+00 1.108768264246061536e-01 -1.995256265005124710e-11 8.808056174399513383e-01
1.333333333299999923e+00 6.666666666999999658e-01 2.000000000000000000e+00 -2.306554842789140025e+00 3.000000000000000000e+01 3.785487063902957861e+00 2.171233498526174976e-01 -3.913981181537442602e-10 7.904674959882931340e-01
1.333333333299999923e+00 8.333333333000000342e-01 1.833333333299999923e+00 -2.276928910537208139e+00 3.000000000000000000e+01 2.861325251894288613e+01 5.804808369742369134e-01 6.223453117062525725e-07 3.051618337352060006e-01
1.333333333299999923e+00 1.000000000000000000e+00 1.666666666700000077e+00 -2.441431294809731867e+00 3.000000000000000000e+01 3.958909631268306306e+00 7.984357517909337343e-01 2.359169802044731920e-10 7.270645004032141867e-02
1.333333333299999923e+00 1.166666666700000077e+00 1.500000000000000000e+00 -2.671852914601132056e+00 3.000000000000000000e+01 2.435818514116736555e+00 8.711652661272935028e-01 -8.123622146618623488e-12 2.811700235342528414e-02
1.333333333299999923e+00 1.333333333299999923e+00 1.333333333299999923e+00 -2.934079210700218709e+00 3.000000000000000000e+01 1.816192417473375453e+00 9.106751787155207278e-01 7.440013740388087757e-11 1.199975823326846977e-02
1.333333333299999923e+00 1.500000000000000000e+00 1.166666666700000077e+00 -3.215871093519936608e+00 3.000000000000000000e+01 1.458027295750979224e+00 9.349539644809474748e-01 -7.736660470664341852e-12 5.231587966255481226e-03
1.333333333299999923e+00 1.666666666700000077e+00 1.000000000000000000e+00 -3.510881066302943054e+00 3.000000000000000000e+01 1.214455591216782038e+00 9.508899653841962341e-01 -4.027166236563979649e-12 2.213264876582091145e-03
1.333333333299999923e+00 1.833333333299999923e+00 8.333333333000000342e-01 -3.815344665780003197e+00 3.000000000000000000e+01 1.034203004329392384e+00 9.618029094101876453e-01 2.772796848654134061e-15 8.535348591247253307e-04
1.333333333299999923e+00 2.000000000000000000e+00 6.666666666999999658e-01 -4.126846095397112890e+00 2.900000000000000000e+01 8.913295727456017614e-01 9.694994702305828049e-01 -2.557731804143532346e-12 2.637142394346150007e-04
1.333333333299999923e+00 2.166666666699999855e+00 5.000000000000000000e-01 -4.443748488051625145e+00 2.400000000000000000e+01 7.627443138087350860e-01 9.750431877573191297e-01 1.958834300501301848e-12 3.515450081438933113e-05
1.333333333299999923e+00 2.333333333300000145e+00 3.333333332999999787e-01 -4.764896749541691179e+00 2.100000000000000000e+01 6.356816744514908191e-01 9.790964030649451644e-01 5.823119762481334259e-14 -2.946206867520562861e-05
1.333333333299999923e+00 2.500000000000000000e+00 1.666666666999999935e-01 -5.089449272745952157e+00 1.600000000000000000e+01 4.989194204875840311e-01 9.820897287903055384e-01 3.436043730564195683e-13 -2.792193663515499377e-05
1.333333333299999923e+00 2.666666666699999855e+00 0.000000000000000000e+00 -5.416776684130240938e+00 1.400000000000000000e+01 6.355615414206780001e-01 9.843128702820895803e-01 -4.306310563240985784e-12 -8.864725511441127895e-06
1.500000000000000000e+00 0.000000000000000000e+00 2.500000000000000000e+00 -2.730596458886495270e+00 2.000000000000000000e+01 1.911694455342177079e+00 -4.992271996879749096e-02 2.495106898869892120e-11 8.947149441247461699e-01
1.500000000000000000e+00 1.666666666999999935e-01 2.333333333300000145e+00 -2.576417950661635814e+00 3.000000000000000000e+01 1.045856942350088525e+00 -1.480803360889679232e-02 -1.019576090252535515e-10 8.925082841704196079e-01
1.500000000000000000e+00 3.333333332999999787e-01 2.166666666699999855e+00 -2.435076784999864685e+00 3.000000000000000000e+01 1.526141918133117281e+00 3.409957734591212430e-02 2.192893355683200746e-09 8.782811214597523453e-01
1.500000000000000000e+00 5.000000000000000000e-01 2.000000000000000000e+00 -2.313483881068677306e+00 3.000000000000000000e+01 2.404469435348055129e+00 1.076066755111937667e-01 2.472097470272110962e-10 8.357544033041244269e-01
1.500000000000000000e+00 6.666666666999999658e-01 1.833333333299999923e+00 -2.227231034613595284e+00 3.000000000000000000e+01 5.317946660856446073e+00 2.384129159944188281e-01 4.205119460674594540e-08 7.102748517436330289e-01
1.500000000000000000e+00 8.333333333000000342e-01 1.666666666700000077e+00 -2.258823733545000323e+00 3.000000000000000000e+01 7.786684197035341981e+00 6.561467169308772274e-01 9.446535163971745224e-10 1.517318400730597039e-01
1.500000000000000000e+00 1.000000000000000000e+00 1.500000000000000000e+00 -2.445994065547040464e+00 3.000000000000000000e+01 3.115417738345275467e+00 7.966118422655052989e-01 2.210244966592922102e-12 4.643411715524554950e-02
1.500000000000000000e+00 1.166666666700000077e+00 1.333333333299999923e+00 -2.683917652978848878e+00 3.000000000000000000e+01 2.090090201258543168e+00 8.630544885374298314e-01 7.850002440147200817e-11 1.780393424461057875e-02
1.500000000000000000e+00 1.333333333299999923e+00 1.166666666700000077e+00 -2.949979069932567199e+00 3.000000000000000000e+01 1.599372452326365712e+00 9.019175624082882425e-01 -9.606399576243707106e-11 7.201088164278992773e-03
1.500000000000000000e+00 1.500000000000000000e+00 1.000000000000000000e+00 -3.234078900910830612e+00 3.000000000000000000e+01 1.297247130988545605e+00 9.267114880615957562e-01 -1.895697367075876414e-11 2.848715022744383561e-03
1.500000000000000000e+00 1.666666666700000077e+00 8.333333333000000342e-01 -3.530624364573014873e+00 3.000000000000000000e+01 1.090332656478950168e+00 9.433864413054231512e-01 -1.375566985302677544e-13 1.012310630665462551e-03
1.500000000000000000e+00 1.833333333299999923e+00 6.666666666999999658e-01 -3.836184097770100720e+00 3.000000000000000000e+01 9.249845293372850330e-01 9.550185656652554478e-01 -2.197778867162879112e-13 2.636137928606359761e-04
1.500000000000000000e+00 2.000000000000000000e+00 5.000000000000000000e-01 -4.148510197252321063e+00 2.600000000000000000e+01 7.838459862617411789e-01 9.633536578367265513e-01 -2.281494106159978226e-12 -4.366034399235541390e-06
1.500000000000000000e+00 2.166666666699999855e+00 3.333333332999999787e-01 -4.466058621447501764e+00 2.200000000000000000e+01 6.479465934842510988e-01 9.694481484720417486e-01 8.811905358554087470e-14 -6.638240148431205265e-05
1.500000000000000000e+00 2.333333333300000145e+00 1.666666666999999935e-01 -4.787729320842998959e+00 1.700000000000000000e+01 4.977776488945750422e-01 9.739728302221640766e-01 -9.423017980302886494e-14 -5.101353814851225109e-05
1.500000000000000000e+00 2.500000000000000000e+00 0.000000000000000000e+00 -5.112715200022165618e+00 1.600000000000000000e+01 7.184303007445470568e-01 9.773701245234958090e-01 6.418934802689712600e-13 -1.874518351168457173e-05
1.666666666700000077e+00 0.000000000000000000e+00 2.333333333300000145e+00 -2.641980500074240013e+00 2.800000000000000000e+01 2.902169213795240843e+00 -7.474286501724894394e-02 9.141243317856151407e-11 8.380801167994620382e-01
1.666666666700000077e+00 1.666666666999999935e-01 2.166666666699999855e+00 -2.491413781369146818e+00 3.000000000000000000e+01 1.583961054938077595e+00 -3.825594151713921504e-02 -1.266415861303069634e-10 8.371923273558896650e-01
1.666666666700000077e+00 3.333333332999999787e-01 2.000000000000000000e+00 -2.355238551970842309e+00 3.000000000000000000e+01 1.747931068726881865e+00 1.453694825352638137e-02 2.339004216575696584e-08 8.222777437130772693e-01
1.666666666700000077e+00 5.000000000000000000e-01 1.833333333299999923e+00 -2.242053230957168353e+00 3.000000000000000000e+01 2.973006585114088551e+00 9.846494713730835624e-02 4.833373965623922443e-11 7.700756193422463314e-01
1.666666666700000077e+00 6.666666666999999658e-01 1.666666666700000077e+00 -2.174275327003144298e+00 3.000000000000000000e+01 1.041999265717631928e+01 2.730426578587271669e-01 7.141499200008902317e-08 5.774087895699324680e-01
1.666666666700000077e+00 8.333333333000000342e-01 1.500000000000000000e+00 -2.266740744455660206e+00 3.000000000000000000e+01 4.788047916433275653e+00 6.642328793171151657e-01 2.453166426554509002e-08 8.751819950108948032e-02
1.666666666700000077e+00 1.000000000000000000e+00 1.333333333299999923e+00 -2.465653434414093681e+00 3.000000000000000000e+01 2.545885608865691818e+00 7.839341937867592147e-01 1.793326243518205217e-10 2.828544437177656079e-02
1.666666666700000077e+00 1.166666666700000077e+00 1.166666666700000077e+00 -2.707756420168976774e+00 3.000000000000000000e+01 1.800294869914273121e+00 8.492661152088898380e-01 -9.682953598998310806e-11 1.031710308771928257e-02
1.666666666700000077e+00 1.333333333299999923e+00 1.000000000000000000e+00 -2.975744855797856303e+00 3.000000000000000000e+01 1.409592945980913559e+00 8.894208684954520994e-01 3.447861967520250311e-11 3.730037726823135381e-03
1.666666666700000077e+00 1.500000000000000000e+00 8.333333333000000342e-01 -3.260851888232693341e+00 3.000000000000000000e+01 1.154143828550177053e+00 9.157444899465571053e-01 1.140424420401264576e-12 1.178173767782147562e-03
1.666666666700000077e+00 1.666666666700000077e+00 6.666666666999999658e-01 -3.557968897573587697e+00 3.000000000000000000e+01 9.626229657847431564e-01 9.337795400481991859e-01 3.042775557117918799e-13 2.190124090500004516e-04
1.666666666700000077e+00 1.833333333299999923e+00 5.000000000000000000e-01 -3.863873554214478645e+00 2.800000000000000000e+01 8.072367595995356693e-01 9.465473565894566566e-01 -1.484091217279092821e-12 -8.748238987178329510e-05
1.666666666700000077e+00 2.000000000000000000e+00 3.333333332999999787e-01 -4.176418551919795163e+00 2.400000000000000000e+01 6.597921017011831868e-01 9.558175156876255185e-01 -3.753992731799817020e-13 -1.343249784476232265e-04
1.666666666700000077e+00 2.166666666699999855e+00 1.666666666999999935e-01 -4.494112138006698842e+00 1.800000000000000000e+01 6.466302484453716470e-01 9.626831370148833944e-01 1.822424686542141515e-12 -9.297278068897429936e-05
1.666666666700000077e+00 2.333333333300000145e+00 0.000000000000000000e+00 -4.815883075453228912e+00 1.700000000000000000e+01 8.261887357761844575e-01 9.678484286151589622e-01 -1.268152252129646300e-13 -3.866711273010472517e-05
1.833333333299999923e+00 0.000000000000000000e+00 2.166666666699999855e+00 -2.576351512292418988e+00 2.600000000000000000e+01 5.768656380601841605e+00 -1.153941777735630753e-01 -1.282532366154290225e-09 7.394833625267240862e-01
1.833333333299999923e+00 1.666666666999999935e-01 2.000000000000000000e+00 -2.430540741002189975e+00 2.900000000000000000e+01 3.346211853638602296e+00 -7.771951690908221466e-02 1.364464212425766626e-06 7.430839507964226431e-01
1.833333333299999923e+00 3.333333332999999787e-01 1.833333333299999923e+00 -2.300992424473776055e+00 3.000000000000000000e+01 2.097565849146791006e+00 -2.037003322452880794e-02 2.964456649780019014e-06 7.312160426535065927e-01
1.833333333299999923e+00 5.000000000000000000e-01 1.666666666700000077e+00 -2.198648993308282229e+00 3.000000000000000000e+01 4.026743732447613411e+00 7.791581376863565556e-02 -5.801014786249654471e-08 6.690837120931721893e-01
1.833333333299999923e+00 6.666666666999999658e-01 1.500000000000000000e+00 -2.164516634067183531e+00 3.000000000000000000e+01 1.766846308027555779e+01 4.038762058237099772e-01 -8.510649483035813740e-08 2.241116565967976870e-01
1.833333333299999923e+00 8.333333333000000342e-01 1.333333333299999923e+00 -2.296179231048327551e+00 3.000000000000000000e+01 3.479208991074167479e+00 6.458343102726074036e-01 -1.344768445606497201e-09 4.938936681077595037e-02
1.833333333299999923e+00 1.000000000000000000e+00 1.166666666700000077e+00 -2.500149872345843960e+00 3.000000000000000000e+01 2.123596928947305340e+00 7.618494763060269515e-01 4.176488078413320602e-10 1.549569778742897544e-02
1.833333333299999923e+00 1.166666666700000077e+00 1.000000000000000000e+00 -2.743443113748753603e+00 3.000000000000000000e+01 1.561433656328432784e+00 8.300040443551426339e-01 9.489431582115853130e-10 4.934235828975478896e-03
1.833333333299999923e+00 1.333333333299999923e+00 8.333333333000000342e-01 -3.011507250268735447e+00 3.000000000000000000e+01 1.233409960907858149e+00 8.731948271924567795e-01 1.563342976021568644e-10 1.287970841349315347e-03
1.833333333299999923e+00 1.500000000000000000e+00 6.666666666999999658e-01 -3.296323363027184428e+00 3.000000000000000000e+01 1.008931502645719736e+00 9.020232481374335087e-01 -6.448106885263406110e-12 6.365742943019298797e-05
1.833333333299999923e+00 1.666666666700000077e+00 5.000000000000000000e-01 -3.593037708479343451e+00 2.900000000000000000e+01 8.341350888160350419e-01 9.220337999123772166e-01 3.432809591679855570e-13 -2.613352425719803695e-04
1.833333333299999923e+00 1.833333333299999923e+00 3.333333332999999787e-01 -3.898523407954655795e+00 2.500000000000000000e+01 6.675117322378122386e-01 9.363563443853395452e-01 -1.089933698929859616e-12 -2.631106566593677167e-04
1.833333333299999923e+00 2.000000000000000000e+00 1.666666666999999935e-01 -4.210669424865542965e+00 2.100000000000000000e+01 8.276191176480899303e-01 9.468623486558472857e-01 -5.221378884902733531e-13 -1.716318361856361649e-04
1.833333333299999923e+00 2.166666666699999855e+00 0.000000000000000000e+00 -4.527996535514716925e+00 1.900000000000000000e+01 9.600760908957907125e-01 9.547236146878466112e-01 5.432321259251012614e-13 -7.896670107696642134e-05
2.000000000000000000e+00 0.000000000000000000e+00 2.000000000000000000e+00 -2.546479043354338501e+00 3.000000000000000000e+01 3.824622617990862636e+02 -2.123497431285271964e-01 3.637810047093815724e-01 4.889378747705531714e-01
2.000000000000000000e+00 1.666666666999999935e-01 1.833333333299999923e+00 -2.406029772175230619e+00 3.000000000000000000e+01 2.005831917263646602e+01 -1.615583481629080387e-01 2.555285663515527225e-06 5.376058122556679475e-01
2.000000000000000000e+00 3.333333332999999787e-01 1.666666666700000077e+00 -2.284153093548141555e+00 3.000000000000000000e+01 3.944661806755970890e+00 -9.319362825211256751e-02 -1.210900831621800925e-07 5.538531417986227723e-01
2.000000000000000000e+00 5.000000000000000000e-01 1.500000000000000000e+00 -2.194990432215774945e+00 3.000000000000000000e+01 6.840020362096660200e+00 3.053698826704066491e-02 -4.221339142196940280e-07 4.958381526608949819e-01
2.000000000000000000e+00 6.666666666999999658e-01 1.333333333299999923e+00 -2.205813242228984450e+00 3.000000000000000000e+01 6.527249257331972920e+00 3.903367155535895083e-01 -4.901392627233664446e-08 9.639745062031168654e-02
2.000000000000000000e+00 8.333333333000000342e-01 1.166666666700000077e+00 -2.345994194191320048e+00 3.000000000000000000e+01 2.708972428339667449e+00 6.082025574026683756e-01 -5.006802785541650652e-11 2.394704897520898504e-02
2.000000000000000000e+00 1.000000000000000000e+00 1.000000000000000000e+00 -2.549584587997870244e+00 3.000000000000000000e+01 1.786082971709804568e+00 7.307693802321211241e-01 9.672904184321161300e-09 6.284159305315592352e-03
2.000000000000000000e+00 1.166666666700000077e+00 8.333333333000000342e-01 -2.791193118082077262e+00 3.000000000000000000e+01 1.343051860345880533e+00 8.052156058972858022e-01 -1.645632525307155800e-10 1.080665087262411891e-03
2.000000000000000000e+00 1.333333333299999923e+00 6.666666666999999658e-01 -3.057473630471065462e+00 3.000000000000000000e+01 1.070065265592737846e+00 8.531442886580142826e-01 -4.140300892017968726e-11 -3.867458564368399829e-04
2.000000000000000000e+00 1.500000000000000000e+00 5.000000000000000000e-01 -3.340674718448227054e+00 3.000000000000000000e+01 8.615390837283491976e-01 8.854644757995802085e-01 6.772461202298893541e-12 -6.396453036698233289e-04
2.000000000000000000e+00 1.666666666700000077e+00 3.333333332999999787e-01 -3.635986625397606531e+00 2.700000000000000000e+01 8.533065312015807313e-01 9.080827115331945310e-01 -2.639000129623754069e-13 -5.197463738969072171e-04
2.000000000000000000e+00 1.833333333299999923e+00 1.666666666999999935e-01 -3.940267662896587808e+00 2.500000000000000000e+01 1.046130163769479759e+00 9.243930330612342150e-01 -8.630318681942444655e-13 -3.257345549051019525e-04
2.000000000000000000e+00 2.000000000000000000e+00 0.000000000000000000e+00 -4.251378812667070406e+00 2.300000000000000000e+01 1.141830028518300510e+00 9.364463814070649317e-01 1.743882815772783659e-13 -1.619461863859662288e-04
2.166666666699999855e+00 0.000000000000000000e+00 1.833333333299999923e+00 -2.576351512292632151e+00 3.000000000000000000e+01 2.796892696663058508e+00 -2.830253929120355449e-01 8.544158901039540233e-01 2.316445902728770101e-01
2.166666666699999855e+00 1.666666666999999935e-01 1.666666666700000077e+00 -2.447865155538394788e+00 3.000000000000000000e+01 2.672565262885392645e+00 -2.724333121212393349e-01 8.847754989146923155e-01 1.941467679271059454e-01
2.166666666699999855e+00 3.333333332999999787e-01 1.500000000000000000e+00 -2.337582324598486139e+00 3.000000000000000000e+01 2.790678481038630920e+00 -2.516053731416199035e-01 9.218402489388753951e-01 1.381301596725436620e-01
2.166666666699999855e+00 5.000000000000000000e-01 1.333333333299999923e+00 -2.256557792400272433e+00 3.000000000000000000e+01 1.449396974074332611e+01 -1.991999446564746978e-01 9.623035123160992299e-01 2.484084147393362044e-02
2.166666666699999855e+00 6.666666666999999658e-01 1.166666666700000077e+00 -2.281585717049281925e+00 3.000000000000000000e+01 4.193323049981988682e+00 3.084061959451673829e-01 6.198175961844582214e-07 2.606393036427570586e-02
2.166666666699999855e+00 8.333333333000000342e-01 1.000000000000000000e+00 -2.416452498248759184e+00 3.000000000000000000e+01 2.183926014568065455e+00 5.518452247801494126e-01 -2.886616952808450362e-08 4.877757352363187165e-03
2.166666666699999855e+00 1.000000000000000000e+00 8.333333333000000342e-01 -2.614421751861740972e+00 3.000000000000000000e+01 1.500551931108460746e+00 6.901895624066700652e-01 -2.269013220435155812e-09 -6.978067695930359254e-04
2.166666666699999855e+00 1.166666666700000077e+00 6.666666666999999658e-01 -2.851387403451795421e+00 3.000000000000000000e+01 1.143512917739071044e+00 7.745485880249385335e-01 8.055979808155495088e-10 -1.744238139504179427e-03
2.166666666699999855e+00 1.333333333299999923e+00 5.000000000000000000e-01 -3.113944350962469798e+00 3.000000000000000000e+01 1.102743269783154512e+00 8.290418639928583966e-01 -5.550409666170011942e-12 -1.537827769483379433e-03
2.166666666699999855e+00 1.500000000000000000e+00 3.333333332999999787e-01 -3.394145845529777716e+00 3.000000000000000000e+01 1.290829942771373195e+00 8.659161481553243611e-01 6.958125586561330381e-12 -1.072137567970513853e-03
2.166666666699999855e+00 1.666666666700000077e+00 1.666666666999999935e-01 -3.687011105847318504e+00 2.900000000000000000e+01 1.366280972732637045e+00 8.918200139002865345e-01 4.116151863596866079e-13 -6.468566871233051010e-04
2.166666666699999855e+00 1.833333333299999923e+00 0.000000000000000000e+00 -3.989268620922970854e+00 2.700000000000000000e+01 1.413661440588426021e+00 9.105801143465941383e-01 2.553707245655580435e-12 -3.387369219427904116e-04
2.333333333300000145e+00 0.000000000000000000e+00 1.666666666700000077e+00 -2.641980500074240013e+00 1.900000000000000000e+01 1.403331408989701101e+00 -2.792221072371964818e-01 9.146435902185142686e-01 1.288263646846531940e-01
2.333333333300000145e+00 1.666666666999999935e-01 1.500000000000000000e+00 -2.532483077339861666e+00 2.800000000000000000e+01 1.246485540922808388e+00 -2.575588735101376758e-01 9.435295595591991491e-01 8.994092588544405631e-02
2.333333333300000145e+00 3.333333332999999787e-01 1.333333333299999923e+00 -2.445834694947336629e+00 3.000000000000000000e+01 1.103313820520702038e+00 -2.170708542159772436e-01 9.719521872409260244e-01 3.988586761558654548e-02
2.333333333300000145e+00 5.000000000000000000e-01 1.166666666700000077e+00 -2.393183282283558810e+00 3.000000000000000000e+01 1.428814856229502217e+00 -1.336080009371419519e-01 9.858102215674525715e-01 -2.430604277995303958e-02
2.333333333300000145e+00 6.666666666999999658e-01 1.000000000000000000e+00 -2.397645453657162307e+00 3.000000000000000000e+01 1.085374176746283048e+01 9.117045572052098756e-02 8.331820300032157789e-01 -6.850753900238709670e-02
2.333333333300000145e+00 8.333333333000000342e-01 8.333333333000000342e-01 -2.509325857784048708e+00 3.000000000000000000e+01 4.530846913272882581e+00 4.706097921251286564e-01 7.357356968472266336e-09 -1.298615521026345518e-02
2.333333333300000145e+00 1.000000000000000000e+00 6.666666666999999658e-01 -2.695610336993780720e+00 3.000000000000000000e+01 2.673211514695792435e+00 6.382563045659509493e-01 -4.983268430791987442e-08 -6.723559306707987612e-03
2.333333333300000145e+00 1.166666666700000077e+00 5.000000000000000000e-01 -2.924629250661041624e+00 3.000000000000000000e+01 2.202499759372886778e+00 7.372025717103358744e-01 -6.998030766217214545e-10 -4.033454253533482955e-03
2.333333333300000145e+00 1.333333333299999923e+00 3.333333332999999787e-01 -3.181341835130183426e+00 3.000000000000000000e+01 2.007658455266526421e+00 8.004682105054334862e-01 -3.915041916711215527e-10 -2.410953628431753218e-03
2.333333333300000145e+00 1.500000000000000000e+00 1.666666666999999935e-01 -3.457051590035831623e+00 3.000000000000000000e+01 1.905492084995287438e+00 8.431297969805008341e-01 -1.002467141463125785e-10 -1.377778155879167505e-03
2.333333333300000145e+00 1.666666666700000077e+00 0.000000000000000000e+00 -3.746356290975725756e+00 3.000000000000000000e+01 1.845720316216961754e+00 8.730853406670953110e-01 2.510340257859235383e-12 -7.368111375184779183e-04
2.500000000000000000e+00 0.000000000000000000e+00 1.500000000000000000e+00 -2.730596458886680011e+00 1.400000000000000000e+01 9.259870365259572633e-01 -2.558571623407040474e-01 9.457416090027420674e-01 7.309719110585016777e-02
2.500000000000000000e+00 1.666666666999999935e-01 1.333333333299999923e+00 -2.639541159277001725e+00 2.100000000000000000e+01 8.142125080694647687e-01 -2.228523555788340382e-01 9.680196081089809113e-01 4.244998715227947528e-02
2.500000000000000000e+00 3.333333332999999787e-01 1.166666666700000077e+00 -2.573442549664335388e+00 2.200000000000000000e+01 7.206575350296595683e-01 -1.697011458543567219e-01 9.853928512858466382e-01 8.050437741838830513e-03
2.500000000000000000e+00 5.000000000000000000e-01 1.000000000000000000e+00 -2.540889595552116020e+00 3.000000000000000000e+01 1.069358814315558570e+00 -8.341698157064320052e-02 9.882668608342570771e-01 -2.829467988424031605e-02
2.500000000000000000e+00 6.666666666999999658e-01 8.333333333000000342e-01 -2.553963040295755604e+00 3.000000000000000000e+01 2.253330110751166071e+00 5.758136412014695782e-02 9.506683305579746168e-01 -5.796031401941939554e-02
2.500000000000000000e+00 8.333333333000000342e-01 6.666666666999999658e-01 -2.630740714976468553e+00 3.000000000000000000e+01 3.868348882895875818e+01 3.093183366317647787e-01 6.596829794026415339e-01 -4.887278285500276653e-02
2.500000000000000000e+00 1.000000000000000000e+00 5.000000000000000000e-01 -2.794969683623179435e+00 3.000000000000000000e+01 6.829557238086123583e+00 5.698279891986828272e-01 8.911119384138732211e-08 -1.355313870940201212e-02
2.500000000000000000e+00 1.166666666700000077e+00 3.333333332999999787e-01 -3.011866931294818528e+00 3.000000000000000000e+01 3.982416121626086714e+00 6.915256185354118346e-01 -3.186415396814534353e-08 -6.370134263818928028e-03
2.500000000000000000e+00 1.333333333299999923e+00 1.666666666999999935e-01 -3.260263113547026137e+00 3.000000000000000000e+01 3.092705175795790851e+00 7.666838991888602628e-01 7.520215289615101506e-10 -3.281885803494339650e-03
2.500000000000000000e+00 1.500000000000000000e+00 0.000000000000000000e+00 -3.529808434441804366e+00 3.000000000000000000e+01 2.672887499757795382e+00 8.167088498172179190e-01 1.754973619508771075e-10 -1.715059199107011158e-03
2.666666666699999855e+00 0.000000000000000000e+00 1.333333333299999923e+00 -2.836118426617645127e+00 1.200000000000000000e+01 6.810689426334647356e-01 -2.251858510123071200e-01 9.646786299633292039e-01 4.115985935741909435e-02
2.666666666699999855e+00 1.666666666999999935e-01 1.166666666700000077e+00 -2.761852644740017126e+00 1.700000000000000000e+01 5.949052495831360643e-01 -1.843962012035658127e-01 9.811497688819832419e-01 1.885190328476095412e-02
2.666666666699999855e+00 3.333333332999999787e-01 1.000000000000000000e+00 -2.713041902488072310e+00 1.800000000000000000e+01 5.929055087775714217e-01 -1.256488400685919493e-01 9.914732351763151375e-01 -3.884077667699192479e-03
2.666666666699999855e+00 5.000000000000000000e-01 8.333333333000000342e-01 -2.696033719926845151e+00 2.800000000000000000e+01 9.101183225078509631e-01 -4.258418317394034591e-02 9.897808558251687261e-01 -2.555224111300822415e-02
2.666666666699999855e+00 6.666666666999999658e-01 6.666666666999999658e-01 -2.718259059465836458e+00 3.000000000000000000e+01 1.538806792321979033e+00 7.169805337861211159e-02 9.656920987352484165e-01 -4.284732248047923298e-02
2.666666666699999855e+00 8.333333333000000342e-01 5.000000000000000000e-01 -2.788086992345185422e+00 3.000000000000000000e+01 3.482126529334775622e+00 2.249711753983918150e-01 8.952543153637402273e-01 -4.956645785545062133e-02
2.666666666699999855e+00 1.000000000000000000e+00 3.333333332999999787e-01 -2.916891379811659135e+00 3.000000000000000000e+01 9.478855787430819646e+01 4.599965476085466909e-01 2.172834153621137736e-03 -2.739060343661029601e-02
2.666666666699999855e+00 1.166666666700000077e+00 1.666666666999999935e-01 -3.114695963726433092e+00 3.000000000000000000e+01 8.296631465215737578e+00 6.336950594845347506e-01 8.407556975031156808e-08 -9.685317851410083639e-03
2.666666666699999855e+00 1.333333333299999923e+00 0.000000000000000000e+00 -3.351582840823766674e+00 3.000000000000000000e+01 4.964580891671132257e+00 7.263224008465175574e-01 6.134963891138776487e-09 -4.511842238630159319e-03
2.833333333300000145e+00 0.000000000000000000e+00 1.166666666700000077e+00 -2.954761884176065223e+00 1.000000000000000000e+01 5.366823712361579179e-01 -1.922917210748368855e-01 9.770441187412568507e-01 2.257525189185358855e-02
2.833333333300000145e+00 1.666666666999999935e-01 1.000000000000000000e+00 -2.895493410200799644e+00 1.300000000000000000e+01 4.776784037877802591e-01 -1.468435149725442757e-01 9.889334263529534486e-01 6.997907643559878391e-03
2.833333333300000145e+00 3.333333332999999787e-01 8.333333333000000342e-01 -2.861321330470758539e+00 1.700000000000000000e+01 5.553732425103421466e-01 -8.642378829897867654e-02 9.946677714199465559e-01 -7.795088494739352281e-03
2.833333333300000145e+00 5.000000000000000000e-01 6.666666666999999658e-01 -2.856915529791251629e+00 2.500000000000000000e+01 8.183380753479377878e-01 -8.155451560513140435e-03 9.906475806390757644e-01 -2.105363598913487580e-02
2.833333333300000145e+00 6.666666666999999658e-01 5.000000000000000000e-01 -2.887155805038275957e+00 3.000000000000000000e+01 1.253074210166527758e+00 9.001101862609098281e-02 9.717958803359333375e-01 -3.156383226653098478e-02
2.833333333300000145e+00 8.333333333000000342e-01 3.333333332999999787e-01 -2.956844744995464680e+00 3.000000000000000000e+01 2.143944425920147001e+00 2.090558786280126424e-01 9.297051179773305751e-01 -3.749120604148062363e-02
2.833333333300000145e+00 1.000000000000000000e+00 1.666666666999999935e-01 -3.070709641434092418e+00 3.000000000000000000e+01 5.095410665194317623e+00 3.511001354907180017e-01 8.416390024322362162e-01 -3.598349434487065068e-02
2.833333333300000145e+00 1.166666666700000077e+00 0.000000000000000000e+00 -3.236475075305634164e+00 3.000000000000000000e+01 4.875568633602586743e+01 5.493553462981368707e-01 5.790948826025169461e-04 -1.686397525108497900e-02
3.000000000000000000e+00 0.000000000000000000e+00 1.000000000000000000e+00 -3.083928850379280107e+00 7.000000000000000000e+00 4.291421555530177678e-01 -1.595531307582096214e-01 9.853849721883541912e-01 1.182933549898952490e-02
3.000000000000000000e+00 1.666666666999999935e-01 8.333333333000000342e-01 -3.037986068301165687e+00 1.100000000000000000e+01 3.891484302857831645e-01 -1.117097025502259144e-01 9.937305643127105625e-01 1.300559878950828746e-03
3.000000000000000000e+00 3.333333332999999787e-01 6.666666666999999658e-01 -3.016345692943303902e+00 1.600000000000000000e+01 5.306001573327164822e-01 -5.173348121117697651e-02 9.963596609980137631e-01 -8.181825587577719328e-03
3.000000000000000000e+00 5.000000000000000000e-01 5.000000000000000000e-01 -3.022459931059145788e+00 2.200000000000000000e+01 7.469583506947797824e-01 2.146117154226184418e-02 9.910271042790782525e-01 -1.639545418292560203e-02
3.000000000000000000e+00 6.666666666999999658e-01 3.333333332999999787e-01 -3.059660616418284462e+00 2.700000000000000000e+01 1.076931532981195705e+00 1.080858937570221279e-01 9.749858198754928207e-01 -2.301858479974083771e-02
3.000000000000000000e+00 8.333333333000000342e-01 1.666666666999999935e-01 -3.130950713600242352e+00 3.000000000000000000e+01 1.640059361801596394e+00 2.074238963158944737e-01 9.444205961182933207e-01 -2.753398459080821231e-02
3.000000000000000000e+00 1.000000000000000000e+00 0.000000000000000000e+00 -3.238908951702200056e+00 3.000000000000000000e+01 2.835943083163406264e+00 3.184980447438178763e-01 8.921279220352416051e-01 -2.907983105434678098e-02
3.166666666699999855e+00 0.000000000000000000e+00 8.333333333000000342e-01 -3.221732746120082425e+00 7.000000000000000000e+00 3.564747463793850879e-01 -1.281110500485111436e-01 9.910692682238853024e-01 5.771650449405674697e-03
3.166666666699999855e+00 1.666666666999999935e-01 6.666666666999999658e-01 -3.187630767445540414e+00 1.100000000000000000e+01 3.683271982317078974e-01 -7.941624382381456959e-02 9.966759353467175009e-01 -1.101708004405557804e-03
3.166666666699999855e+00 3.333333332999999787e-01 5.000000000000000000e-01 -3.176832830337701807e+00 1.500000000000000000e+01 5.060243189603107483e-01 -2.101267406291206646e-02 9.971358860224120990e-01 -7.058023546317810509e-03
3.166666666699999855e+00 5.000000000000000000e-01 3.333333332999999787e-01 -3.191908871336721631e+00 2.000000000000000000e+01 6.966067914368540004e-01 4.727779470987293620e-02 9.910259123593564423e-01 -1.217504476293198440e-02
3.166666666699999855e+00 6.666666666999999658e-01 1.666666666999999935e-01 -3.235193102813184396e+00 2.500000000000000000e+01 9.637116547380062404e-01 1.249567583350553318e-01 9.767669977141646420e-01 -1.650967590562568699e-02
3.166666666699999855e+00 8.333333333000000342e-01 0.000000000000000000e+00 -3.308651963081985059e+00 3.000000000000000000e+01 1.373963361369825664e+00 2.108975446778428575e-01 9.523952785238052332e-01 -2.000108857611359453e-02
3.333333333300000145e+00 0.000000000000000000e+00 6.666666666999999658e-01 -3.366750846585489398e+00 6.000000000000000000e+00 2.922604907633792881e-01 -9.848727620371283686e-02 9.949102475935976964e-01 2.519127967517956722e-03
3.333333333300000145e+00 1.666666666999999935e-01 5.000000000000000000e-01 -3.343194918102057045e+00 1.000000000000000000e+01 3.463112646726678734e-01 -4.996314841367133219e-02 9.983900703792815134e-01 -1.769525101789859835e-03
3.333333333300000145e+00 3.333333332999999787e-01 3.333333332999999787e-01 -3.341867293959893459e+00 1.400000000000000000e+01 4.883391388288170210e-01 6.287598715943753212e-03 9.972980797469453984e-01 -5.404414339953067178e-03
3.333333333300000145e+00 5.000000000000000000e-01 1.666666666999999935e-01 -3.364694104702408595e+00 1.800000000000000000e+01 6.577461859903053210e-01 6.999896248291051504e-02 9.907208658791664124e-01 -8.610382417190063503e-03
3.333333333300000145e+00 6.666666666999999658e-01 0.000000000000000000e+00 -3.413339172459387783e+00 2.200000000000000000e+01 8.818995827359242812e-01 1.404266011354248778e-01 9.777157649899602676e-01 -1.159079400007903202e-02
3.500000000000000000e+00 0.000000000000000000e+00 5.000000000000000000e-01 -3.517880036970112201e+00 5.000000000000000000e+00 2.431290116753380970e-01 -7.087957902485483852e-02 9.974259077713273358e-01 9.146004092231115653e-04
3.500000000000000000e+00 1.666666666999999935e-01 3.333333332999999787e-01 -3.503748648057722903e+00 1.000000000000000000e+01 3.453587616811660266e-01 -2.318597280384677300e-02 9.992442734790717429e-01 -1.586484141458261755e-03
3.500000000000000000e+00 3.333333332999999787e-01 1.666666666999999935e-01 -3.510762191466753279e+00 1.300000000000000000e+01 4.752198107516495962e-01 3.064396159749370116e-02 9.970225066976234896e-01 -3.716852768303349416e-03
3.500000000000000000e+00 5.000000000000000000e-01 0.000000000000000000e+00 -3.540372327665437524e+00 1.700000000000000000e+01 6.236161668878510422e-01 9.014409630697346743e-02 9.901700337792794793e-01 -5.757791770764015930e-03
3.666666666699999855e+00 0.000000000000000000e+00 3.333333332999999787e-01 -3.674246345483311416e+00 5.000000000000000000e+00 1.992859160725365675e-01 -4.531343049599320660e-02 9.989631875102669145e-01 2.351511820992726307e-04
3.666666666699999855e+00 1.666666666999999935e-01 1.666666666999999935e-01 -3.668569187597569226e+00 1.000000000000000000e+01 3.324559727787960162e-01 1.137118276911213473e-03 9.994760254747188100e-01 -1.062545679577355136e-03
3.666666666699999855e+00 3.333333332999999787e-01 0.000000000000000000e+00 -3.682983566601464531e+00 1.400000000000000000e+01 4.579092829601763004e-01 5.245815346780716149e-02 9.964219530324029961e-01 -2.245506722738517449e-03
3.833333333300000145e+00 0.000000000000000000e+00 1.666666666999999935e-01 -3.835145141639841881e+00 3.000000000000000000e+00 1.495371251565097148e-01 -2.172371382853709870e-02 9.997635094491961194e-01 2.569333989399779370e-05
3.833333333300000145e+00 1.666666666999999935e-01 0.000000000000000000e+00 -3.837081455135617603e+00 1.000000000000000000e+01 3.267542145835703460e-01 2.323883865237551249e-02 9.992451696433567454e-01 -4.928229862323487906e-04
4.000000000000000000e+00 0.000000000000000000e+00 0.000000000000000000e+00 -4.000000000000000000e+00 1.000000000000000000e+00 0.000000000000000000e+00 0.000000000000000000e+00 1.000000000000000000e+00 0.000000000000000000e+00
