6.092699459670977008e-02
-4.569524594753714142e-02
-4.569524594753533731e-02
-4.569524594754213048e-02
-4.569524594753713448e-02
3.427143446065793880e-02
-4.569524594754104108e-02
-4.569524594754786895e-02
-4.569524594753533037e-02
3.427143446065511467e-02
3.427143446065358812e-02
3.427143446065868820e-02
-4.569524594754213742e-02
3.427143446066168581e-02
-4.569524594754615504e-02
-4.569524594755296903e-02
-4.569524594753714142e-02
3.427143446065647470e-02
3.427143446065512161e-02
3.427143446066022170e-02
3.427143446065793880e-02
-2.570357584549726529e-02
3.427143446066087396e-02
3.427143446066599486e-02
-4.569524594754104108e-02
3.427143446065940291e-02
3.427143446065786941e-02
3.427143446066296950e-02
-4.569524594754787589e-02
3.427143446066598098e-02
-4.569524594755188657e-02
-4.569524594755870750e-02
-4.569524594753533037e-02
3.427143446065511467e-02
3.427143446065376159e-02
3.427143446065886861e-02
3.427143446065512855e-02
-2.570357584549515240e-02
3.427143446065804983e-02
3.427143446066316379e-02
3.427143446065359506e-02
-2.570357584549290419e-02
-2.570357584549175581e-02
-2.570357584549557567e-02
3.427143446065869514e-02
-2.570357584549782734e-02
3.427143446066169274e-02
3.427143446066682059e-02
-4.569524594754214436e-02
3.427143446066022170e-02
3.427143446065886861e-02
3.427143446066396870e-02
3.427143446066169274e-02
-2.570357584550007554e-02
3.427143446066461402e-02
3.427143446066973492e-02
-4.569524594754614810e-02
3.427143446066323318e-02
3.427143446066169274e-02
3.427143446066679977e-02
-4.569524594755298985e-02
3.427143446066982513e-02
-4.569524594755699359e-02
-4.569524594756381453e-02
-4.569524594753714142e-02
3.427143446065648164e-02
3.427143446065512161e-02
3.427143446066022864e-02
3.427143446065648164e-02
-2.570357584549616548e-02
3.427143446065940291e-02
3.427143446066453075e-02
3.427143446065512161e-02
-2.570357584549405258e-02
-2.570357584549290419e-02
-2.570357584549673099e-02
3.427143446066022170e-02
-2.570357584549897573e-02
3.427143446066322624e-02
3.427143446066835408e-02
3.427143446065793880e-02
-2.570357584549616894e-02
-2.570357584549514893e-02
-2.570357584549897573e-02
-2.570357584549726182e-02
1.927768188412580866e-02
-2.570357584549945798e-02
-2.570357584550330213e-02
3.427143446066086008e-02
-2.570357584549835817e-02
-2.570357584549720978e-02
-2.570357584550103311e-02
3.427143446066598792e-02
-2.570357584550329866e-02
3.427143446066899940e-02
3.427143446067411336e-02
-4.569524594754106883e-02
3.427143446065940985e-02
3.427143446065805676e-02
3.427143446066314991e-02
3.427143446065941679e-02
-2.570357584549836164e-02
3.427143446066233806e-02
3.427143446066745203e-02
3.427143446065787635e-02
-2.570357584549611343e-02
-2.570357584549496505e-02
-2.570357584549878838e-02
3.427143446066297644e-02
-2.570357584550103311e-02
3.427143446066598792e-02
3.427143446067110882e-02
-4.569524594754788976e-02
3.427143446066453075e-02
3.427143446066318461e-02
3.427143446066827775e-02
3.427143446066600180e-02
-2.570357584550330213e-02
3.427143446066892307e-02
3.427143446067404398e-02
-4.569524594755189351e-02
3.427143446066754223e-02
3.427143446066600874e-02
3.427143446067110882e-02
-4.569524594755872832e-02
3.427143446067412724e-02
-4.569524594756274594e-02
-4.569524594756957381e-02
-4.569524594753534424e-02
3.427143446065512161e-02
3.427143446065377547e-02
3.427143446065886861e-02
3.427143446065512855e-02
-2.570357584549515240e-02
3.427143446065805676e-02
3.427143446066317073e-02
3.427143446065376853e-02
-2.570357584549303950e-02
-2.570357584549188765e-02
-2.570357584549571098e-02
3.427143446065886861e-02
-2.570357584549795571e-02
3.427143446066187316e-02
3.427143446066699406e-02
3.427143446065512855e-02
-2.570357584549405258e-02
-2.570357584549303950e-02
-2.570357584549686283e-02
-2.570357584549515934e-02
1.927768188412422312e-02
-2.570357584549734856e-02
-2.570357584550118923e-02
3.427143446065805676e-02
-2.570357584549624874e-02
-2.570357584549510382e-02
-2.570357584549892369e-02
3.427143446066318461e-02
-2.570357584550118576e-02
3.427143446066618915e-02
3.427143446067129617e-02
3.427143446065358812e-02
-2.570357584549290073e-02
-2.570357584549188765e-02
-2.570357584549570751e-02
-2.570357584549290419e-02
1.927768188412253350e-02
-2.570357584549509689e-02
-2.570357584549893409e-02
-2.570357584549175581e-02
1.927768188412084735e-02
1.927768188411999040e-02
1.927768188412285269e-02
-2.570357584549557914e-02
1.927768188412454231e-02
-2.570357584549783081e-02
-2.570357584550166802e-02
3.427143446065868820e-02
-2.570357584549672753e-02
-2.570357584549570751e-02
-2.570357584549953431e-02
-2.570357584549782387e-02
1.927768188412622499e-02
-2.570357584550002003e-02
-2.570357584550386071e-02
3.427143446066169274e-02
-2.570357584549898267e-02
-2.570357584549783428e-02
-2.570357584550165414e-02
3.427143446066681365e-02
-2.570357584550391622e-02
3.427143446066982513e-02
3.427143446067495297e-02
-4.569524594754214436e-02
3.427143446066022170e-02
3.427143446065886861e-02
3.427143446066396870e-02
3.427143446066022864e-02
-2.570357584549897573e-02
3.427143446066314991e-02
3.427143446066827082e-02
3.427143446065886861e-02
-2.570357584549685936e-02
-2.570357584549571098e-02
-2.570357584549953431e-02
3.427143446066396870e-02
-2.570357584550178251e-02
3.427143446066697324e-02
3.427143446067209415e-02
3.427143446066168581e-02
-2.570357584549897920e-02
-2.570357584549795571e-02
-2.570357584550178251e-02
-2.570357584550007207e-02
1.927768188412791808e-02
-2.570357584550226476e-02
-2.570357584550611238e-02
3.427143446066461402e-02
-2.570357584550117536e-02
-2.570357584550002350e-02
-2.570357584550384683e-02
3.427143446066974880e-02
-2.570357584550611238e-02
3.427143446067275334e-02
3.427143446067787425e-02
-4.569524594754614810e-02
3.427143446066322624e-02
3.427143446066187316e-02
3.427143446066696630e-02
3.427143446066323318e-02
-2.570357584550122740e-02
3.427143446066616139e-02
3.427143446067128230e-02
3.427143446066169274e-02
-2.570357584549898267e-02
-2.570357584549783428e-02
-2.570357584550165761e-02
3.427143446066679977e-02
-2.570357584550390234e-02
3.427143446066979737e-02
3.427143446067491828e-02
-4.569524594755296210e-02
3.427143446066835408e-02
3.427143446066699406e-02
3.427143446067209415e-02
3.427143446066981819e-02
-2.570357584550616789e-02
3.427143446067273946e-02
3.427143446067786731e-02
-4.569524594755697972e-02
3.427143446067135168e-02
3.427143446066982513e-02
3.427143446067492522e-02
-4.569524594756382146e-02
3.427143446067794363e-02
-4.569524594756783215e-02
-4.569524594757465308e-02
-4.569524594753714836e-02
3.427143446065793880e-02
3.427143446065512161e-02
3.427143446066167887e-02
3.427143446065648164e-02
-2.570357584549726529e-02
3.427143446065940291e-02
3.427143446066598792e-02
3.427143446065512161e-02
-2.570357584549515240e-02
-2.570357584549290419e-02
-2.570357584549782387e-02
3.427143446066023558e-02
-2.570357584550007554e-02
3.427143446066323318e-02
3.427143446066981125e-02
3.427143446065647470e-02
-2.570357584549616548e-02
-2.570357584549405258e-02
-2.570357584549897573e-02
-2.570357584549616894e-02
1.927768188412581213e-02
-2.570357584549836510e-02
-2.570357584550330560e-02
3.427143446065940291e-02
-2.570357584549835817e-02
-2.570357584549610996e-02
-2.570357584550102964e-02
3.427143446066453075e-02
-2.570357584550329866e-02
3.427143446066753529e-02
3.427143446067412030e-02
3.427143446065512855e-02
-2.570357584549514893e-02
-2.570357584549303950e-02
-2.570357584549795224e-02
-2.570357584549405258e-02
1.927768188412421965e-02
-2.570357584549624527e-02
-2.570357584550118230e-02
-2.570357584549290419e-02
1.927768188412253350e-02
1.927768188412085082e-02
1.927768188412454231e-02
-2.570357584549672753e-02
1.927768188412622499e-02
-2.570357584549897920e-02
-2.570357584550391275e-02
3.427143446066022864e-02
-2.570357584549897226e-02
-2.570357584549686630e-02
-2.570357584550178251e-02
-2.570357584549897573e-02
1.927768188412791114e-02
-2.570357584550117189e-02
-2.570357584550610891e-02
3.427143446066322624e-02
-2.570357584550122393e-02
-2.570357584549898267e-02
-2.570357584550390234e-02
3.427143446066834714e-02
-2.570357584550616442e-02
3.427143446067135168e-02
3.427143446067794363e-02
3.427143446065794574e-02
-2.570357584549726529e-02
-2.570357584549515240e-02
-2.570357584550006860e-02
-2.570357584549617588e-02
1.927768188412580866e-02
-2.570357584549836857e-02
-2.570357584550330213e-02
-2.570357584549515240e-02
1.927768188412421965e-02
1.927768188412254044e-02
1.927768188412622846e-02
-2.570357584549898267e-02
1.927768188412791461e-02
-2.570357584550123087e-02
-2.570357584550617483e-02
-2.570357584549726876e-02
1.927768188412581213e-02
1.927768188412422659e-02
1.927768188412791461e-02
1.927768188412580866e-02
-1.445826141309711731e-02
1.927768188412745665e-02
1.927768188413116202e-02
-2.570357584549946145e-02
1.927768188412745665e-02
1.927768188412577050e-02
1.927768188412945852e-02
-2.570357584550330907e-02
1.927768188413115855e-02
-2.570357584550556074e-02
-2.570357584551049776e-02
3.427143446066087396e-02
-2.570357584549945451e-02
-2.570357584549734509e-02
-2.570357584550226476e-02
-2.570357584549836510e-02
1.927768188412745318e-02
-2.570357584550055779e-02
-2.570357584550549135e-02
-2.570357584549721325e-02
1.927768188412576703e-02
1.927768188412408434e-02
1.927768188412777237e-02
-2.570357584550103658e-02
1.927768188412945852e-02
-2.570357584550329519e-02
-2.570357584550822874e-02
3.427143446066600180e-02
-2.570357584550330213e-02
-2.570357584550119270e-02
-2.570357584550610544e-02
-2.570357584550331254e-02
1.927768188413116202e-02
-2.570357584550550176e-02
-2.570357584551043878e-02
3.427143446066899940e-02
-2.570357584550556074e-02
-2.570357584550331601e-02
-2.570357584550823568e-02
3.427143446067412724e-02
-2.570357584551050123e-02
3.427143446067713872e-02
3.427143446068373067e-02
-4.569524594754104801e-02
3.427143446066086702e-02
3.427143446065805676e-02
3.427143446066461402e-02
3.427143446065941679e-02
-2.570357584549945798e-02
3.427143446066233806e-02
3.427143446066890919e-02
3.427143446065804983e-02
-2.570357584549734509e-02
-2.570357584549509689e-02
-2.570357584550002350e-02
3.427143446066314991e-02
-2.570357584550227170e-02
3.427143446066615445e-02
3.427143446067274640e-02
3.427143446065940985e-02
-2.570357584549836164e-02
-2.570357584549625221e-02
-2.570357584550117189e-02
-2.570357584549836857e-02
1.927768188412745665e-02
-2.570357584550055779e-02
-2.570357584550549829e-02
3.427143446066233112e-02
-2.570357584550055433e-02
-2.570357584549830612e-02
-2.570357584550323274e-02
3.427143446066745897e-02
-2.570357584550550176e-02
3.427143446067046351e-02
3.427143446067704852e-02
3.427143446065787635e-02
-2.570357584549720978e-02
-2.570357584549509689e-02
-2.570357584550002003e-02
-2.570357584549611690e-02
1.927768188412577050e-02
-2.570357584549830959e-02
-2.570357584550325009e-02
-2.570357584549496158e-02
1.927768188412408434e-02
1.927768188412239819e-02
1.927768188412608968e-02
-2.570357584549878838e-02
1.927768188412777930e-02
-2.570357584550104352e-02
-2.570357584550599095e-02
3.427143446066296256e-02
-2.570357584550103658e-02
-2.570357584549891328e-02
-2.570357584550383989e-02
-2.570357584550103311e-02
1.927768188412946199e-02
-2.570357584550322580e-02
-2.570357584550817323e-02
3.427143446066596710e-02
-2.570357584550328825e-02
-2.570357584550103658e-02
-2.570357584550596666e-02
3.427143446067109495e-02
-2.570357584550823221e-02
3.427143446067409949e-02
3.427143446068069144e-02
-4.569524594754787589e-02
3.427143446066599486e-02
3.427143446066316379e-02
3.427143446066973492e-02
3.427143446066453075e-02
-2.570357584550330213e-02
3.427143446066745897e-02
3.427143446067404398e-02
3.427143446066317073e-02
-2.570357584550119270e-02
-2.570357584549894103e-02
-2.570357584550386765e-02
3.427143446066827082e-02
-2.570357584550611238e-02
3.427143446067127536e-02
3.427143446067787425e-02
3.427143446066600180e-02
-2.570357584550330560e-02
-2.570357584550119270e-02
-2.570357584550611238e-02
-2.570357584550331254e-02
1.927768188413116202e-02
-2.570357584550550176e-02
-2.570357584551043878e-02
3.427143446066891613e-02
-2.570357584550550176e-02
-2.570357584550325009e-02
-2.570357584550817670e-02
3.427143446067404398e-02
-2.570357584551044225e-02
3.427143446067704852e-02
3.427143446068364047e-02
-4.569524594755189351e-02
3.427143446066900634e-02
3.427143446066618221e-02
3.427143446067274640e-02
3.427143446066753529e-02
-2.570357584550555727e-02
3.427143446067045657e-02
3.427143446067704158e-02
3.427143446066600874e-02
-2.570357584550330907e-02
-2.570357584550106433e-02
-2.570357584550598054e-02
3.427143446067110188e-02
-2.570357584550822874e-02
3.427143446067411336e-02
3.427143446068069144e-02
-4.569524594755872138e-02
3.427143446067412724e-02
3.427143446067130311e-02
3.427143446067787425e-02
3.427143446067412724e-02
-2.570357584551050123e-02
3.427143446067705546e-02
3.427143446068363353e-02
-4.569524594756273900e-02
3.427143446067713178e-02
3.427143446067414112e-02
3.427143446068069838e-02
-4.569524594756957381e-02
3.427143446068371679e-02
-4.569524594757357061e-02
-4.569524594758235525e-02
-4.569524594753533037e-02
-4.569524594754104801e-02
3.427143446065358812e-02
-4.569524594754614116e-02
3.427143446065512161e-02
3.427143446066086008e-02
3.427143446065786941e-02
-4.569524594755188657e-02
3.427143446065376853e-02
3.427143446065804983e-02
-2.570357584549175234e-02
3.427143446066169274e-02
3.427143446065886861e-02
3.427143446066460708e-02
3.427143446066169968e-02
-4.569524594755699359e-02
3.427143446065512161e-02
3.427143446065940291e-02
-2.570357584549290419e-02
3.427143446066322624e-02
-2.570357584549515240e-02
-2.570357584549945798e-02
-2.570357584549721325e-02
3.427143446066899940e-02
3.427143446065804983e-02
3.427143446066232418e-02
-2.570357584549496158e-02
3.427143446066596710e-02
3.427143446066317073e-02
3.427143446066890919e-02
3.427143446066600180e-02
-4.569524594756273206e-02
3.427143446065376853e-02
3.427143446065804983e-02
-2.570357584549188765e-02
3.427143446066188009e-02
-2.570357584549303950e-02
-2.570357584549734856e-02
-2.570357584549509342e-02
3.427143446066617527e-02
-2.570357584549188071e-02
-2.570357584549509689e-02
1.927768188411998693e-02
-2.570357584549783428e-02
-2.570357584549570751e-02
-2.570357584550002003e-02
-2.570357584549783428e-02
3.427143446066982513e-02
3.427143446065886861e-02
3.427143446066314991e-02
-2.570357584549571098e-02
3.427143446066696630e-02
-2.570357584549795571e-02
-2.570357584550226129e-02
-2.570357584550001656e-02
3.427143446067273946e-02
3.427143446066187316e-02
3.427143446066616139e-02
-2.570357584549783081e-02
3.427143446066979737e-02
3.427143446066700100e-02
3.427143446067273946e-02
3.427143446066982513e-02
-4.569524594756781827e-02
3.427143446065512161e-02
3.427143446065940291e-02
-2.570357584549290419e-02
3.427143446066323318e-02
-2.570357584549405258e-02
-2.570357584549836510e-02
-2.570357584549611343e-02
3.427143446066753529e-02
-2.570357584549303603e-02
-2.570357584549625221e-02
1.927768188412085082e-02
-2.570357584549898960e-02
-2.570357584549685936e-02
-2.570357584550117536e-02
-2.570357584549897920e-02
3.427143446067136556e-02
-2.570357584549514893e-02
-2.570357584549835817e-02
1.927768188412254044e-02
-2.570357584550122740e-02
1.927768188412422312e-02
1.927768188412745318e-02
1.927768188412576703e-02
-2.570357584550555727e-02
-2.570357584549734162e-02
-2.570357584550056126e-02
1.927768188412408087e-02
-2.570357584550329172e-02
-2.570357584550118576e-02
-2.570357584550550176e-02
-2.570357584550330907e-02
3.427143446067712484e-02
3.427143446065804289e-02
3.427143446066233112e-02
-2.570357584549509342e-02
3.427143446066616139e-02
-2.570357584549624180e-02
-2.570357584550056126e-02
-2.570357584549830265e-02
3.427143446067047045e-02
-2.570357584549509342e-02
-2.570357584549830612e-02
1.927768188412239472e-02
-2.570357584550104005e-02
-2.570357584549892022e-02
-2.570357584550322927e-02
-2.570357584550104005e-02
3.427143446067411336e-02
3.427143446066317073e-02
3.427143446066745897e-02
-2.570357584549894103e-02
3.427143446067127536e-02
-2.570357584550118576e-02
-2.570357584550549482e-02
-2.570357584550324662e-02
3.427143446067704158e-02
3.427143446066616833e-02
3.427143446067045657e-02
-2.570357584550105393e-02
3.427143446067410643e-02
3.427143446067129617e-02
3.427143446067704852e-02
3.427143446067412724e-02
-4.569524594757355673e-02
3.427143446065358118e-02
3.427143446065786941e-02
-2.570357584549174887e-02
3.427143446066169274e-02
-2.570357584549290419e-02
-2.570357584549721672e-02
-2.570357584549496505e-02
3.427143446066601568e-02
-2.570357584549188418e-02
-2.570357584549509689e-02
1.927768188411998693e-02
-2.570357584549783428e-02
-2.570357584549571098e-02
-2.570357584550002697e-02
-2.570357584549783428e-02
3.427143446066983207e-02
-2.570357584549290073e-02
-2.570357584549611343e-02
1.927768188412085082e-02
-2.570357584549898267e-02
1.927768188412253697e-02
1.927768188412576703e-02
1.927768188412408087e-02
-2.570357584550331601e-02
-2.570357584549509342e-02
-2.570357584549830612e-02
1.927768188412239472e-02
-2.570357584550104005e-02
-2.570357584549894103e-02
-2.570357584550324662e-02
-2.570357584550106086e-02
3.427143446067413418e-02
-2.570357584549174887e-02
-2.570357584549497199e-02
1.927768188411999040e-02
-2.570357584549784122e-02
1.927768188412085082e-02
1.927768188412408434e-02
1.927768188412239472e-02
-2.570357584550106433e-02
1.927768188411999040e-02
1.927768188412240166e-02
-1.445826141309079424e-02
1.927768188412444864e-02
1.927768188412285963e-02
1.927768188412609315e-02
1.927768188412444864e-02
-2.570357584550380520e-02
-2.570357584549557914e-02
-2.570357584549879532e-02
1.927768188412285616e-02
-2.570357584550165761e-02
1.927768188412454578e-02
1.927768188412777584e-02
1.927768188412609315e-02
-2.570357584550599095e-02
-2.570357584549783428e-02
-2.570357584550104699e-02
1.927768188412445211e-02
-2.570357584550378091e-02
-2.570357584550167843e-02
-2.570357584550599095e-02
-2.570357584550379826e-02
3.427143446067779792e-02
3.427143446065869514e-02
3.427143446066297644e-02
-2.570357584549557914e-02
3.427143446066679977e-02
-2.570357584549673099e-02
-2.570357584550104005e-02
-2.570357584549878838e-02
3.427143446067110188e-02
-2.570357584549571098e-02
-2.570357584549892369e-02
1.927768188412285616e-02
-2.570357584550165067e-02
-2.570357584549953778e-02
-2.570357584550384683e-02
-2.570357584550166108e-02
3.427143446067493215e-02
-2.570357584549782734e-02
-2.570357584550103658e-02
1.927768188412454578e-02
-2.570357584550390928e-02
1.927768188412622846e-02
1.927768188412945852e-02
1.927768188412777584e-02
-2.570357584550822527e-02
-2.570357584550002350e-02
-2.570357584550323274e-02
1.927768188412609315e-02
-2.570357584550596319e-02
-2.570357584550386765e-02
-2.570357584550817323e-02
-2.570357584550599095e-02
3.427143446068070531e-02
3.427143446066169968e-02
3.427143446066598098e-02
-2.570357584549783081e-02
3.427143446066979737e-02
-2.570357584549898267e-02
-2.570357584550328825e-02
-2.570357584550104352e-02
3.427143446067410643e-02
-2.570357584549783081e-02
-2.570357584550103658e-02
1.927768188412444864e-02
-2.570357584550377397e-02
-2.570357584550165761e-02
-2.570357584550596666e-02
-2.570357584550378091e-02
3.427143446067775628e-02
3.427143446066682753e-02
3.427143446067109495e-02
-2.570357584550167843e-02
3.427143446067493215e-02
-2.570357584550392663e-02
-2.570357584550822874e-02
-2.570357584550598748e-02
3.427143446068069144e-02
3.427143446066983207e-02
3.427143446067410643e-02
-2.570357584550380173e-02
3.427143446067775628e-02
3.427143446067495297e-02
3.427143446068069838e-02
3.427143446067778404e-02
-4.569524594757842090e-02
-4.569524594754212354e-02
-4.569524594754786895e-02
3.427143446065868126e-02
-4.569524594755296903e-02
3.427143446066022170e-02
3.427143446066598792e-02
3.427143446066296950e-02
-4.569524594755871444e-02
3.427143446065886168e-02
3.427143446066317767e-02
-2.570357584549557220e-02
3.427143446066682059e-02
3.427143446066396176e-02
3.427143446066973492e-02
3.427143446066679283e-02
-4.569524594756382146e-02
3.427143446066021476e-02
3.427143446066452381e-02
-2.570357584549672406e-02
3.427143446066834714e-02
-2.570357584549897573e-02
-2.570357584550330213e-02
-2.570357584550103658e-02
3.427143446067412724e-02
3.427143446066314991e-02
3.427143446066745897e-02
-2.570357584549878491e-02
3.427143446067110188e-02
3.427143446066827082e-02
3.427143446067404398e-02
3.427143446067110188e-02
-4.569524594756957381e-02
3.427143446065886861e-02
3.427143446066317767e-02
-2.570357584549570751e-02
3.427143446066700100e-02
-2.570357584549685936e-02
-2.570357584550119270e-02
-2.570357584549891675e-02
3.427143446067131005e-02
-2.570357584549570751e-02
-2.570357584549894103e-02
1.927768188412285269e-02
-2.570357584550167496e-02
-2.570357584549953431e-02
-2.570357584550386418e-02
-2.570357584550165761e-02
3.427143446067494603e-02
3.427143446066396176e-02
3.427143446066825694e-02
-2.570357584549953431e-02
3.427143446067208027e-02
-2.570357584550178251e-02
-2.570357584550610197e-02
-2.570357584550384336e-02
3.427143446067786037e-02
3.427143446066696630e-02
3.427143446067126148e-02
-2.570357584550165414e-02
3.427143446067491134e-02
3.427143446067209415e-02
3.427143446067786731e-02
3.427143446067492522e-02
-4.569524594757464614e-02
3.427143446066167887e-02
3.427143446066599486e-02
-2.570357584549781693e-02
3.427143446066981819e-02
-2.570357584549897226e-02
-2.570357584550330213e-02
-2.570357584550102964e-02
3.427143446067412724e-02
-2.570357584549795571e-02
-2.570357584550118576e-02
1.927768188412453884e-02
-2.570357584550391275e-02
-2.570357584550177904e-02
-2.570357584550611238e-02
-2.570357584550390234e-02
3.427143446067795057e-02
-2.570357584550007207e-02
-2.570357584550330213e-02
1.927768188412622846e-02
-2.570357584550616789e-02
1.927768188412791808e-02
1.927768188413116202e-02
1.927768188412945852e-02
-2.570357584551049082e-02
-2.570357584550226476e-02
-2.570357584550549482e-02
1.927768188412777237e-02
-2.570357584550822874e-02
-2.570357584550610544e-02
-2.570357584551043531e-02
-2.570357584550823221e-02
3.427143446068372373e-02
3.427143446066460708e-02
3.427143446066891613e-02
-2.570357584550001656e-02
3.427143446067273252e-02
-2.570357584550116495e-02
-2.570357584550549135e-02
-2.570357584550322580e-02
3.427143446067704852e-02
-2.570357584550001309e-02
-2.570357584550324662e-02
1.927768188412608621e-02
-2.570357584550597707e-02
-2.570357584550384336e-02
-2.570357584550816629e-02
-2.570357584550596319e-02
3.427143446068069144e-02
3.427143446066972798e-02
3.427143446067404398e-02
-2.570357584550385724e-02
3.427143446067786731e-02
-2.570357584550610544e-02
-2.570357584551043531e-02
-2.570357584550816282e-02
3.427143446068364047e-02
3.427143446067273252e-02
3.427143446067704158e-02
-2.570357584550597707e-02
3.427143446068069144e-02
3.427143446067786037e-02
3.427143446068363353e-02
3.427143446068069144e-02
-4.569524594758234831e-02
-4.569524594754614116e-02
-4.569524594755186575e-02
3.427143446066169274e-02
-4.569524594755696584e-02
3.427143446066322624e-02
3.427143446066899246e-02
3.427143446066597404e-02
-4.569524594756271124e-02
3.427143446066186622e-02
3.427143446066617527e-02
-2.570357584549783081e-02
3.427143446066982513e-02
3.427143446066697324e-02
3.427143446067273252e-02
3.427143446066979737e-02
-4.569524594756781827e-02
3.427143446066322624e-02
3.427143446066752835e-02
-2.570357584549897920e-02
3.427143446067135862e-02
-2.570357584550122740e-02
-2.570357584550555033e-02
-2.570357584550328825e-02
3.427143446067711791e-02
3.427143446066615445e-02
3.427143446067045657e-02
-2.570357584550104352e-02
3.427143446067410643e-02
3.427143446067128230e-02
3.427143446067704158e-02
3.427143446067411336e-02
-4.569524594757356367e-02
3.427143446066169274e-02
3.427143446066598098e-02
-2.570357584549783081e-02
3.427143446066980431e-02
-2.570357584549897920e-02
-2.570357584550329866e-02
-2.570357584550104005e-02
3.427143446067412724e-02
-2.570357584549782734e-02
-2.570357584550105046e-02
1.927768188412444517e-02
-2.570357584550379132e-02
-2.570357584550165414e-02
-2.570357584550597360e-02
-2.570357584550377397e-02
3.427143446067777016e-02
3.427143446066679977e-02
3.427143446067109495e-02
-2.570357584550165761e-02
3.427143446067491134e-02
-2.570357584550390581e-02
-2.570357584550822874e-02
-2.570357584550596319e-02
3.427143446068068450e-02
3.427143446066979737e-02
3.427143446067409255e-02
-2.570357584550377744e-02
3.427143446067772853e-02
3.427143446067491828e-02
3.427143446068067756e-02
3.427143446067774935e-02
-4.569524594757840008e-02
-4.569524594755298291e-02
-4.569524594755872138e-02
3.427143446066682753e-02
-4.569524594756381453e-02
3.427143446066835408e-02
3.427143446067412030e-02
3.427143446067110188e-02
-4.569524594756955993e-02
3.427143446066700100e-02
3.427143446067130311e-02
-2.570357584550167843e-02
3.427143446067494603e-02
3.427143446067210109e-02
3.427143446067786037e-02
3.427143446067492522e-02
-4.569524594757463226e-02
3.427143446066981819e-02
3.427143446067412724e-02
-2.570357584550392316e-02
3.427143446067793670e-02
-2.570357584550617483e-02
-2.570357584551050123e-02
-2.570357584550823568e-02
3.427143446068371679e-02
3.427143446067274640e-02
3.427143446067704158e-02
-2.570357584550598748e-02
3.427143446068069144e-02
3.427143446067786731e-02
3.427143446068362659e-02
3.427143446068069144e-02
-4.569524594758234831e-02
-4.569524594755698665e-02
-4.569524594756271818e-02
3.427143446066982513e-02
-4.569524594756781133e-02
3.427143446067135862e-02
3.427143446067713178e-02
3.427143446067411336e-02
-4.569524594757356367e-02
3.427143446066982513e-02
3.427143446067412030e-02
-2.570357584550379479e-02
3.427143446067777710e-02
3.427143446067493215e-02
3.427143446068069838e-02
3.427143446067775628e-02
-4.569524594757842784e-02
-4.569524594756382146e-02
-4.569524594756955993e-02
3.427143446067495297e-02
-4.569524594757465308e-02
3.427143446067795057e-02
3.427143446068370292e-02
3.427143446068069144e-02
-4.569524594758234831e-02
-4.569524594756782521e-02
-4.569524594757355673e-02
3.427143446067777710e-02
-4.569524594757840702e-02
-4.569524594757466002e-02
-4.569524594758234137e-02
-4.569524594757843478e-02
6.092699459678200397e-02
