6.600689601783550631e-02
-7.251582081247495704e-02
-4.950517201338142798e-02
-7.251582081248403311e-02
-4.950517201337988754e-02
5.438686560935953457e-02
-4.950517201338683337e-02
-7.251582081249210998e-02
-4.950517201338185125e-02
5.438686560936195624e-02
3.712887901004158220e-02
5.438686560937108783e-02
-4.950517201338607010e-02
5.438686560936632081e-02
-4.950517201339305062e-02
-7.251582081250121381e-02
-4.950517201337988754e-02
5.438686560935981906e-02
3.712887901003852908e-02
5.438686560936661918e-02
3.712887901003718294e-02
-4.079014920702212638e-02
3.712887901004238711e-02
5.438686560937240622e-02
-4.950517201338725665e-02
5.438686560936790981e-02
3.712887901004564145e-02
5.438686560937702752e-02
-4.950517201339160039e-02
5.438686560937239928e-02
-4.950517201339858786e-02
-7.251582081250934619e-02
-4.950517201338184431e-02
5.438686560936196318e-02
3.712887901003999319e-02
5.438686560936877024e-02
3.712887901003884134e-02
-4.079014920702395824e-02
3.712887901004404551e-02
5.438686560937484871e-02
3.712887901004188751e-02
-4.079014920702752484e-02
-2.784665925753531529e-02
-4.079014920703435965e-02
3.712887901004505165e-02
-4.079014920703078612e-02
3.712887901005029051e-02
5.438686560938398029e-02
-4.950517201338609785e-02
5.438686560936661918e-02
3.712887901004317814e-02
5.438686560937341929e-02
3.712887901004182506e-02
-4.079014920702722646e-02
3.712887901004703617e-02
5.438686560937920633e-02
-4.950517201339349471e-02
5.438686560937475156e-02
3.712887901005030439e-02
5.438686560938386927e-02
-4.950517201339783846e-02
5.438686560937924103e-02
-4.950517201340481899e-02
-7.251582081251845002e-02
-4.950517201337990142e-02
5.438686560935981906e-02
3.712887901003852908e-02
5.438686560936661918e-02
3.712887901003737723e-02
-4.079014920702234148e-02
3.712887901004257446e-02
5.438686560937268377e-02
3.712887901003884134e-02
-4.079014920702416641e-02
-2.784665925753303239e-02
-4.079014920703101510e-02
3.712887901004201241e-02
-4.079014920702744157e-02
3.712887901004725127e-02
5.438686560937952552e-02
3.712887901003717600e-02
-4.079014920702234148e-02
-2.784665925753058990e-02
-4.079014920702744157e-02
-2.784665925752958376e-02
3.059261190526845614e-02
-2.784665925753348689e-02
-4.079014920703177838e-02
3.712887901004269936e-02
-4.079014920702841301e-02
-2.784665925753592244e-02
-4.079014920703525476e-02
3.712887901004596758e-02
-4.079014920703177838e-02
3.712887901005119257e-02
5.438686560938531256e-02
-4.950517201338725665e-02
5.438686560936790981e-02
3.712887901004405938e-02
5.438686560937470993e-02
3.712887901004290059e-02
-4.079014920702840608e-02
3.712887901004810476e-02
5.438686560938078840e-02
3.712887901004594676e-02
-4.079014920703197961e-02
-2.784665925753835800e-02
-4.079014920703882136e-02
3.712887901004911784e-02
-4.079014920703525476e-02
3.712887901005436364e-02
5.438686560938993386e-02
-4.950517201339160039e-02
5.438686560937268377e-02
3.712887901004730679e-02
5.438686560937948389e-02
3.712887901004596064e-02
-4.079014920703177838e-02
3.712887901005117175e-02
5.438686560938525705e-02
-4.950517201339898338e-02
5.438686560938080228e-02
3.712887901005443997e-02
5.438686560938993386e-02
-4.950517201340334794e-02
5.438686560938529174e-02
-4.950517201341034235e-02
-7.251582081252652690e-02
-4.950517201338143491e-02
5.438686560936387138e-02
3.712887901003968094e-02
5.438686560937066455e-02
3.712887901003852215e-02
-4.079014920702538072e-02
3.712887901004374019e-02
5.438686560937673609e-02
3.712887901003999319e-02
-4.079014920702720565e-02
-2.784665925753388935e-02
-4.079014920703404740e-02
3.712887901004315733e-02
-4.079014920703047387e-02
3.712887901004840313e-02
5.438686560938357090e-02
3.712887901003852908e-02
-4.079014920702558888e-02
-2.784665925753159951e-02
-4.079014920703068897e-02
-2.784665925753058990e-02
3.059261190527089516e-02
-2.784665925753449650e-02
-4.079014920703502578e-02
3.712887901004405244e-02
-4.079014920703166042e-02
-2.784665925753693205e-02
-4.079014920703850217e-02
3.712887901004730679e-02
-4.079014920703502578e-02
3.712887901005253177e-02
5.438686560938962855e-02
3.712887901004158914e-02
-4.079014920702894731e-02
-2.784665925753389976e-02
-4.079014920703404740e-02
-2.784665925753302546e-02
3.059261190527357011e-02
-2.784665925753693552e-02
-4.079014920703859931e-02
-2.784665925753531876e-02
3.059261190527624852e-02
2.088499444315440601e-02
3.059261190528138330e-02
-2.784665925753769186e-02
3.059261190527870142e-02
-2.784665925754161928e-02
-4.079014920704546882e-02
3.712887901004476021e-02
-4.079014920703243063e-02
-2.784665925753626592e-02
-4.079014920703753072e-02
-2.784665925753525631e-02
3.059261190527602647e-02
-2.784665925753916638e-02
-4.079014920704187447e-02
3.712887901005031133e-02
-4.079014920703853686e-02
-2.784665925754162621e-02
-4.079014920704537167e-02
3.712887901005355873e-02
-4.079014920704190222e-02
3.712887901005880453e-02
5.438686560939880177e-02
-4.950517201338566764e-02
5.438686560936851350e-02
3.712887901004285895e-02
5.438686560937531361e-02
3.712887901004169322e-02
-4.079014920702886404e-02
3.712887901004690433e-02
5.438686560938138514e-02
3.712887901004317120e-02
-4.079014920703068897e-02
-2.784665925753626939e-02
-4.079014920703753766e-02
3.712887901004633534e-02
-4.079014920703396413e-02
3.712887901005156727e-02
5.438686560938821996e-02
3.712887901004149893e-02
-4.079014920702886404e-02
-2.784665925753383037e-02
-4.079014920703396413e-02
-2.784665925753281729e-02
3.059261190527334806e-02
-2.784665925753672736e-02
-4.079014920703830788e-02
3.712887901004701535e-02
-4.079014920703492864e-02
-2.784665925753915597e-02
-4.079014920704177732e-02
3.712887901005026969e-02
-4.079014920703830094e-02
3.712887901005550856e-02
5.438686560939400005e-02
-4.950517201339305062e-02
5.438686560937663894e-02
3.712887901004840313e-02
5.438686560938344600e-02
3.712887901004724434e-02
-4.079014920703496333e-02
3.712887901005244851e-02
5.438686560938951059e-02
3.712887901005030439e-02
-4.079014920703853686e-02
-2.784665925754162621e-02
-4.079014920704537167e-02
3.712887901005346852e-02
-4.079014920704180508e-02
3.712887901005870739e-02
5.438686560939867687e-02
-4.950517201339740825e-02
5.438686560938141290e-02
3.712887901005165053e-02
5.438686560938821996e-02
3.712887901005031133e-02
-4.079014920703832869e-02
3.712887901005552244e-02
5.438686560939400005e-02
-4.950517201340480511e-02
5.438686560938954528e-02
3.712887901005879759e-02
5.438686560939867687e-02
-4.950517201340915580e-02
5.438686560939404169e-02
-4.950517201341612938e-02
-7.251582081253818424e-02
-7.251582081247411049e-02
-4.950517201338988649e-02
5.438686560936322606e-02
-4.950517201339611761e-02
5.438686560935917375e-02
3.712887901004467001e-02
5.438686560936916575e-02
-4.950517201340164097e-02
5.438686560936132480e-02
3.712887901004633534e-02
-4.079014920702846853e-02
3.712887901005259422e-02
5.438686560936596692e-02
3.712887901004930519e-02
5.438686560937600056e-02
-4.950517201340785822e-02
5.438686560935918068e-02
3.712887901004487123e-02
-4.079014920702511704e-02
3.712887901004953417e-02
-4.079014920702185576e-02
-2.784665925753519733e-02
-4.079014920702936364e-02
3.712887901005348934e-02
5.438686560936727143e-02
3.712887901005038765e-02
-4.079014920703292330e-02
3.712887901005663960e-02
5.438686560937203845e-02
3.712887901005345465e-02
5.438686560938206516e-02
-4.950517201341336770e-02
5.438686560936132480e-02
3.712887901004634228e-02
-4.079014920702672686e-02
3.712887901005101216e-02
-4.079014920702368763e-02
-2.784665925753645674e-02
-4.079014920703117469e-02
3.712887901005515467e-02
-4.079014920702704605e-02
-2.784665925753888535e-02
3.059261190527588770e-02
-2.784665925754357604e-02
-4.079014920703052244e-02
-2.784665925754111621e-02
-4.079014920703804420e-02
3.712887901006140662e-02
5.438686560936596692e-02
3.712887901004950642e-02
-4.079014920703021019e-02
3.712887901005419017e-02
-4.079014920702694891e-02
-2.784665925753868065e-02
-4.079014920703444985e-02
3.712887901005813146e-02
5.438686560937409931e-02
3.712887901005505059e-02
-4.079014920703804420e-02
3.712887901006130947e-02
5.438686560937885939e-02
3.712887901005811758e-02
5.438686560938889303e-02
-4.950517201341960577e-02
5.438686560935888925e-02
3.712887901004467001e-02
-4.079014920702490887e-02
3.712887901004936070e-02
-4.079014920702186270e-02
-2.784665925753520427e-02
-4.079014920702936364e-02
3.712887901005349628e-02
-4.079014920702347252e-02
-2.784665925753644980e-02
3.059261190527320928e-02
-2.784665925754114396e-02
-4.079014920702695585e-02
-2.784665925753867718e-02
-4.079014920703447761e-02
3.712887901005815228e-02
-4.079014920702165453e-02
-2.784665925753521121e-02
3.059261190527054128e-02
-2.784665925753870841e-02
3.059261190526809879e-02
2.088499444315256720e-02
3.059261190527372276e-02
-2.784665925754167826e-02
-4.079014920702772606e-02
-2.784665925753935720e-02
3.059261190527640464e-02
-2.784665925754404095e-02
-4.079014920703130653e-02
-2.784665925754165050e-02
-4.079014920703883523e-02
3.712887901006212826e-02
5.438686560936699388e-02
3.712887901005020724e-02
-4.079014920703097347e-02
3.712887901005487018e-02
-4.079014920702793423e-02
-2.784665925753934332e-02
-4.079014920703543517e-02
3.712887901005901964e-02
-4.079014920703129266e-02
-2.784665925754178234e-02
3.059261190527907265e-02
-2.784665925754646956e-02
-4.079014920703477598e-02
-2.784665925754400972e-02
-4.079014920704230468e-02
3.712887901006527852e-02
5.438686560937176090e-02
3.712887901005345465e-02
-4.079014920703454700e-02
3.712887901005812452e-02
-4.079014920703129959e-02
-2.784665925754164356e-02
-4.079014920703880054e-02
3.712887901006208663e-02
5.438686560937990022e-02
3.712887901005900576e-02
-4.079014920704239489e-02
3.712887901006525770e-02
5.438686560938466724e-02
3.712887901006207275e-02
5.438686560939470088e-02
-4.950517201342487239e-02
-7.251582081248489353e-02
-4.950517201339729029e-02
5.438686560937132375e-02
-4.950517201340352835e-02
5.438686560936727143e-02
3.712887901005023500e-02
5.438686560937726344e-02
-4.950517201340905865e-02
5.438686560936942249e-02
3.712887901005188646e-02
-4.079014920703454006e-02
3.712887901005815228e-02
5.438686560937407155e-02
3.712887901005487018e-02
5.438686560938410519e-02
-4.950517201341527590e-02
5.438686560936727837e-02
3.712887901005042929e-02
-4.079014920703118857e-02
3.712887901005509916e-02
-4.079014920702793423e-02
-2.784665925753936760e-02
-4.079014920703543517e-02
3.712887901005904739e-02
5.438686560937536218e-02
3.712887901005593877e-02
-4.079014920703899483e-02
3.712887901006219765e-02
5.438686560938012921e-02
3.712887901005899882e-02
5.438686560939016285e-02
-4.950517201342078538e-02
5.438686560937174008e-02
3.712887901005348240e-02
-4.079014920703454006e-02
3.712887901005815228e-02
-4.079014920703150082e-02
-2.784665925754179969e-02
-4.079014920703899483e-02
3.712887901006229480e-02
-4.079014920703485925e-02
-2.784665925754423524e-02
3.059261190528175106e-02
-2.784665925754893287e-02
-4.079014920703834257e-02
-2.784665925754647303e-02
-4.079014920704586433e-02
3.712887901006854674e-02
5.438686560937638914e-02
3.712887901005663960e-02
-4.079014920703802338e-02
3.712887901006131641e-02
-4.079014920703476904e-02
-2.784665925754403401e-02
-4.079014920704226305e-02
3.712887901006527158e-02
5.438686560938451459e-02
3.712887901006220459e-02
-4.079014920704585739e-02
3.712887901006846347e-02
5.438686560938928161e-02
3.712887901006525770e-02
5.438686560939932219e-02
-4.950517201342911205e-02
-7.251582081249126344e-02
-4.950517201340162016e-02
5.438686560937609771e-02
-4.950517201340785128e-02
5.438686560937203845e-02
3.712887901005348240e-02
5.438686560938203740e-02
-4.950517201341338852e-02
5.438686560937418951e-02
3.712887901005514080e-02
-4.079014920703811359e-02
3.712887901006139274e-02
5.438686560937883857e-02
3.712887901005811758e-02
5.438686560938887915e-02
-4.950517201341959883e-02
5.438686560937176090e-02
3.712887901005346158e-02
-4.079014920703455394e-02
3.712887901005814534e-02
-4.079014920703129266e-02
-2.784665925754166091e-02
-4.079014920703880054e-02
3.712887901006209357e-02
5.438686560937985859e-02
3.712887901005899882e-02
-4.079014920704236713e-02
3.712887901006525770e-02
5.438686560938461867e-02
3.712887901006205887e-02
5.438686560939465925e-02
-4.950517201342485157e-02
-7.251582081250211587e-02
-4.950517201340903783e-02
5.438686560938424397e-02
-4.950517201341526202e-02
5.438686560938018472e-02
3.712887901005904046e-02
5.438686560939017672e-02
-4.950517201342077150e-02
5.438686560938465336e-02
3.712887901006228092e-02
-4.079014920704596842e-02
3.712887901006854674e-02
5.438686560938929548e-02
3.712887901006525770e-02
5.438686560939933606e-02
-4.950517201342911899e-02
-7.251582081250847189e-02
-4.950517201341337464e-02
5.438686560938901099e-02
-4.950517201341959883e-02
5.438686560938466724e-02
3.712887901006210745e-02
5.438686560939467313e-02
-4.950517201342487933e-02
-7.251582081251932432e-02
-4.950517201342078538e-02
5.438686560939945402e-02
-4.950517201342911205e-02
-7.251582081252568035e-02
-4.950517201342485851e-02
-7.251582081253905854e-02
6.600689601791150107e-02
