-1.000000000000000000e+00 -4.000000000000004441e+00 -3.333333333333337034e+00 -3.333333333333335702e+00 -3.333333333333332593e+00 -3.333333333333329929e+00
-9.375000000000000000e-01 -3.757812500000006661e+00 -3.171875000000014211e+00 -3.166467171246517776e+00 -3.166467171246508894e+00 -3.151692708333339699e+00
-8.750000000000000000e-01 -3.531249999999996003e+00 -3.020833333333342807e+00 -3.010366568003985943e+00 -3.010366568003982835e+00 -2.981770833333327264e+00
-8.125000000000000000e-01 -3.320312500000002220e+00 -2.880208333333345028e+00 -2.865031523605801933e+00 -2.865031523605789499e+00 -2.823567708333330373e+00
-7.500000000000000000e-01 -3.124999999999985345e+00 -2.749999999999988010e+00 -2.730462038051902685e+00 -2.730462038051883145e+00 -2.677083333333330817e+00
-6.875000000000000000e-01 -2.945312499999994671e+00 -2.630208333333328152e+00 -2.606658111342322393e+00 -2.606658111342313955e+00 -2.542317708333332149e+00
-6.250000000000000000e-01 -2.781250000000000000e+00 -2.520833333333344140e+00 -2.493619743477055728e+00 -2.493619743477038408e+00 -2.419270833333335258e+00
-5.625000000000000000e-01 -2.632812499999999112e+00 -2.421874999999997780e+00 -2.391346934456087148e+00 -2.391346934456080486e+00 -2.307942708333329040e+00
-5.000000000000000000e-01 -2.500000000000000444e+00 -2.333333333333324600e+00 -2.299839684279437968e+00 -2.299839684279433971e+00 -2.208333333333332149e+00
-4.375000000000000000e-01 -2.382812500000006661e+00 -2.255208333333338810e+00 -2.219097992947113962e+00 -2.219097992947103748e+00 -2.120442708333342363e+00
-3.750000000000000000e-01 -2.281249999999996003e+00 -2.187500000000003109e+00 -2.149121860459092925e+00 -2.149121860459090261e+00 -2.074228337978108350e+00
-3.125000000000000000e-01 -2.195312499999996447e+00 -2.130208333333335258e+00 -2.089911286815371749e+00 -2.089911286815365088e+00 -2.044606421543676777e+00
-2.500000000000000000e-01 -2.125000000000003553e+00 -2.083333333333325932e+00 -2.041466272015974415e+00 -2.041466272015971306e+00 -2.020370308097343415e+00
-1.875000000000000000e-01 -2.070312500000005773e+00 -2.046874999999993783e+00 -2.003786816060875164e+00 -2.003786816060873388e+00 -2.001519997639065629e+00
-1.250000000000000000e-01 -2.031250000000000444e+00 -2.020833333333337478e+00 -1.988055490168865402e+00 -1.976872918950101310e+00 -1.976872918950099312e+00
-6.250000000000000000e-02 -2.007812499999996003e+00 -2.005208333333332593e+00 -1.979976785686757834e+00 -1.960724580683644191e+00 -1.960724580683636198e+00
0.000000000000000000e+00 -2.000000000000019096e+00 -2.000000000000011102e+00 -1.977283884192707397e+00 -1.955341801261487822e+00 -1.955341801261478940e+00
6.250000000000000000e-02 -2.007812500000000000e+00 -2.005208333333331705e+00 -1.979976785686745400e+00 -1.960724580683637974e+00 -1.960724580683625540e+00
1.250000000000000000e-01 -2.031250000000010214e+00 -2.020833333333340587e+00 -1.988055490168869843e+00 -1.976872918950112634e+00 -1.976872918950100422e+00
1.875000000000000000e-01 -2.070312500000009326e+00 -2.046875000000004885e+00 -2.003786816060883158e+00 -2.003786816060873832e+00 -2.001519997639050974e+00
2.500000000000000000e-01 -2.125000000000011546e+00 -2.083333333333335258e+00 -2.041466272015970862e+00 -2.041466272015966421e+00 -2.020370308097332313e+00
3.125000000000000000e-01 -2.195312500000007550e+00 -2.130208333333335702e+00 -2.089911286815369085e+00 -2.089911286815365532e+00 -2.044606421543680774e+00
3.750000000000000000e-01 -2.281250000000000000e+00 -2.187500000000004885e+00 -2.149121860459082267e+00 -2.149121860459073385e+00 -2.074228337978111014e+00
4.375000000000000000e-01 -2.382812499999996447e+00 -2.255208333333338810e+00 -2.219097992947109521e+00 -2.219097992947104192e+00 -2.120442708333332149e+00
5.000000000000000000e-01 -2.499999999999997780e+00 -2.333333333333337922e+00 -2.299839684279453511e+00 -2.299839684279445073e+00 -2.208333333333351689e+00
5.625000000000000000e-01 -2.632812499999996891e+00 -2.421874999999999556e+00 -2.391346934456087592e+00 -2.391346934456087592e+00 -2.307942708333334370e+00
6.250000000000000000e-01 -2.781249999999997780e+00 -2.520833333333328152e+00 -2.493619743477053952e+00 -2.493619743477048178e+00 -2.419270833333333481e+00
6.875000000000000000e-01 -2.945312500000001776e+00 -2.630208333333332593e+00 -2.606658111342317508e+00 -2.606658111342308626e+00 -2.542317708333339255e+00
7.500000000000000000e-01 -3.124999999999996447e+00 -2.749999999999993339e+00 -2.730462038051899132e+00 -2.730462038051886253e+00 -2.677083333333337034e+00
8.125000000000000000e-01 -3.320312499999998224e+00 -2.880208333333341475e+00 -2.865031523605809483e+00 -2.865031523605772623e+00 -2.823567708333329040e+00
8.750000000000000000e-01 -3.531249999999988010e+00 -3.020833333333330373e+00 -3.010366568003993049e+00 -3.010366568003985055e+00 -2.981770833333340587e+00
9.375000000000000000e-01 -3.757812500000002220e+00 -3.171874999999999556e+00 -3.166467171246517776e+00 -3.166467171246505785e+00 -3.151692708333335258e+00
1.000000000000000000e+00 -4.000000000000000888e+00 -3.333333333333337478e+00 -3.333333333333337478e+00 -3.333333333333333481e+00 -3.333333333333329040e+00
