-1.000000000000000000e+00 -4.000000000000000888e+00 -3.428571428571427937e+00 -3.428571428571427049e+00 -2.857142857142855430e+00 -2.857142857142854542e+00
-9.375000000000000000e-01 -3.757812500000006661e+00 -3.255580357142854986e+00 -3.252154056813583161e+00 -3.252154056813581828e+00 -3.242553776626833528e+00
-8.750000000000000000e-01 -3.531249999999996003e+00 -3.093750000000004441e+00 -3.087118450975612660e+00 -3.087118450975608663e+00 -3.068537263517333802e+00
-8.125000000000000000e-01 -3.320312499999999112e+00 -2.943080357142856318e+00 -2.933464611057476912e+00 -2.933464611057473359e+00 -2.906521889242978052e+00
-7.500000000000000000e-01 -3.124999999999995559e+00 -2.803571428571437263e+00 -2.791192537059242529e+00 -2.791192537059227874e+00 -2.756507653803782265e+00
-6.875000000000000000e-01 -2.945312500000004885e+00 -2.675223214285720186e+00 -2.660302228980836681e+00 -2.660302228980828243e+00 -2.618494557199709583e+00
-6.250000000000000000e-01 -2.781250000000002665e+00 -2.558035714285706863e+00 -2.540793686822290010e+00 -2.540793686822286013e+00 -2.492482599430768886e+00
-5.625000000000000000e-01 -2.632812499999983569e+00 -2.452008928571432822e+00 -2.432666910583619835e+00 -2.432666910583617170e+00 -2.378471780496973942e+00
-5.000000000000000000e-01 -2.499999999999988454e+00 -2.357142857142860315e+00 -2.335921900264805284e+00 -2.335921900264804396e+00 -2.276462100398299437e+00
-4.375000000000000000e-01 -2.382812499999997780e+00 -2.273437500000000888e+00 -2.250558655865853019e+00 -2.250558655865850799e+00 -2.186453559134779123e+00
-3.750000000000000000e-01 -2.281249999999995115e+00 -2.200892857142864312e+00 -2.176577177386763484e+00 -2.176577177386751494e+00 -2.108446156706385910e+00
-3.125000000000000000e-01 -2.195312500000003553e+00 -2.139508928571430157e+00 -2.113977464827521136e+00 -2.113977464827519359e+00 -2.070777561861611549e+00
-2.500000000000000000e-01 -2.124999999999995559e+00 -2.089285714285708639e+00 -2.062759518188154839e+00 -2.062759518188137520e+00 -2.040139952954553415e+00
-1.875000000000000000e-01 -2.070312500000005329e+00 -2.050223214285716633e+00 -2.022923337468641947e+00 -2.022923337468640170e+00 -2.016310701582396447e+00
-1.250000000000000000e-01 -2.031250000000003997e+00 -2.022321428571431490e+00 -1.999289807745127323e+00 -1.994468922668984900e+00 -1.994468922668978239e+00
-6.250000000000000000e-02 -2.007812500000003997e+00 -2.005580357142866088e+00 -1.989077271442769135e+00 -1.977396273789187919e+00 -1.977396273789179260e+00
0.000000000000000000e+00 -2.000000000000008882e+00 -2.000000000000002220e+00 -1.985673092675318552e+00 -1.971705390829267657e+00 -1.971705390829259885e+00
6.250000000000000000e-02 -2.007812499999996891e+00 -2.005580357142854098e+00 -1.989077271442770911e+00 -1.977396273789195691e+00 -1.977396273789188141e+00
1.250000000000000000e-01 -2.031250000000003997e+00 -2.022321428571426161e+00 -1.999289807745126213e+00 -1.994468922668985345e+00 -1.994468922668973798e+00
1.875000000000000000e-01 -2.070312499999996891e+00 -2.050223214285707751e+00 -2.022923337468639726e+00 -2.022923337468632177e+00 -2.016310701582392007e+00
2.500000000000000000e-01 -2.125000000000002665e+00 -2.089285714285708639e+00 -2.062759518188148178e+00 -2.062759518188144181e+00 -2.040139952954552971e+00
3.125000000000000000e-01 -2.195312499999996003e+00 -2.139508928571434598e+00 -2.113977464827522912e+00 -2.113977464827522912e+00 -2.070777561861610216e+00
3.750000000000000000e-01 -2.281249999999992006e+00 -2.200892857142855874e+00 -2.176577177386762152e+00 -2.176577177386759931e+00 -2.108446156706387242e+00
4.375000000000000000e-01 -2.382812500000002665e+00 -2.273437499999990230e+00 -2.250558655865850799e+00 -2.250558655865843694e+00 -2.186453559134777791e+00
5.000000000000000000e-01 -2.500000000000007550e+00 -2.357142857142867864e+00 -2.335921900264798179e+00 -2.335921900264791073e+00 -2.276462100398296773e+00
5.625000000000000000e-01 -2.632812500000003109e+00 -2.452008928571423052e+00 -2.432666910583626496e+00 -2.432666910583615394e+00 -2.378471780496962396e+00
6.250000000000000000e-01 -2.781250000000000888e+00 -2.558035714285714857e+00 -2.540793686822302444e+00 -2.540793686822294450e+00 -2.492482599430766221e+00
6.875000000000000000e-01 -2.945312500000000888e+00 -2.675223214285703754e+00 -2.660302228980843786e+00 -2.660302228980817585e+00 -2.618494557199696260e+00
7.500000000000000000e-01 -3.124999999999999112e+00 -2.803571428571427937e+00 -2.791192537059238976e+00 -2.791192537059228318e+00 -2.756507653803766722e+00
8.125000000000000000e-01 -3.320312499999996447e+00 -2.943080357142840331e+00 -2.933464611057491123e+00 -2.933464611057479576e+00 -2.906521889242979828e+00
8.750000000000000000e-01 -3.531250000000003997e+00 -3.093750000000017764e+00 -3.087118450975633976e+00 -3.087118450975619766e+00 -3.068537263517364000e+00
9.375000000000000000e-01 -3.757812499999997780e+00 -3.255580357142865644e+00 -3.252154056813597816e+00 -3.252154056813596039e+00 -3.242553776626821982e+00
1.000000000000000000e+00 -3.999999999999997780e+00 -3.428571428571429269e+00 -3.428571428571427937e+00 -2.857142857142858983e+00 -2.857142857142857206e+00
