-1.000000000000000000e+00 -4.000000000000000000e+00 -3.199999999999999734e+00 -3.199999999999998845e+00 -3.199999999999996625e+00 -2.400000000000001243e+00
-9.375000000000000000e-01 -3.757812499999995115e+00 -3.054687499999999112e+00 -3.045436760665048759e+00 -3.045436760665041653e+00 -3.021218010665045473e+00
-8.750000000000000000e-01 -3.531250000000008438e+00 -2.918749999999996181e+00 -2.900845343222649753e+00 -2.900845343222648420e+00 -2.853970343222649309e+00
-8.125000000000000000e-01 -3.320312500000002220e+00 -2.792187500000001599e+00 -2.766225747672848456e+00 -2.766225747672842239e+00 -2.698256997672852986e+00
-7.500000000000000000e-01 -3.125000000000000888e+00 -2.675000000000010481e+00 -2.641577974015617780e+00 -2.641577974015608010e+00 -2.554077974015617425e+00
-6.875000000000000000e-01 -2.945312500000002220e+00 -2.567187500000000178e+00 -2.526902022250970159e+00 -2.526902022250966162e+00 -2.421433272250973712e+00
-6.250000000000000000e-01 -2.781250000000003997e+00 -2.468750000000003997e+00 -2.422197892378892270e+00 -2.422197892378890938e+00 -2.300322892378894757e+00
-5.625000000000000000e-01 -2.632812499999997335e+00 -2.379687500000008615e+00 -2.327465584399401433e+00 -2.327465584399397436e+00 -2.190746834399404541e+00
-5.000000000000000000e-01 -2.499999999999999112e+00 -2.300000000000006928e+00 -2.242705098312489653e+00 -2.242705098312479883e+00 -2.092705098312483525e+00
-4.375000000000000000e-01 -2.382812499999999112e+00 -2.229687499999994049e+00 -2.167916434118148494e+00 -2.167916434118146274e+00 -2.044902183978421384e+00
-3.750000000000000000e-01 -2.281250000000000888e+00 -2.168749999999996181e+00 -2.103099591816389946e+00 -2.103099591816378400e+00 -2.022601354952918484e+00
-3.125000000000000000e-01 -2.195312499999999112e+00 -2.117187499999997335e+00 -2.048254571407205127e+00 -2.048254571407201574e+00 -2.003731422700560039e+00
-2.500000000000000000e-01 -2.124999999999988010e+00 -2.074999999999990852e+00 -2.003381372890604251e+00 -2.003381372890590928e+00 -1.988292387221363811e+00
-1.875000000000000000e-01 -2.070312500000007550e+00 -2.042187499999999378e+00 -1.976284248515320030e+00 -1.968479996266581988e+00 -1.968479996266578214e+00
-1.250000000000000000e-01 -2.031249999999990230e+00 -2.018749999999996270e+00 -1.967707006582425588e+00 -1.943550441535135009e+00 -1.943550441535126128e+00
-6.250000000000000000e-02 -2.007812500000007994e+00 -2.004687499999995293e+00 -1.962560661422703578e+00 -1.928592708696273306e+00 -1.928592708696263092e+00
0.000000000000000000e+00 -2.000000000000010214e+00 -2.000000000000003109e+00 -1.960845213036120471e+00 -1.923606797749978892e+00 -1.923606797749973563e+00
6.250000000000000000e-02 -2.007812500000001332e+00 -2.004687499999999289e+00 -1.962560661422704911e+00 -1.928592708696272640e+00 -1.928592708696268421e+00
1.250000000000000000e-01 -2.031249999999997335e+00 -2.018749999999994937e+00 -1.967707006582435358e+00 -1.943550441535137008e+00 -1.943550441535133455e+00
1.875000000000000000e-01 -2.070312499999991562e+00 -2.042187499999993161e+00 -1.976284248515313591e+00 -1.968479996266583543e+00 -1.968479996266582877e+00
2.500000000000000000e-01 -2.125000000000000888e+00 -2.075000000000003730e+00 -2.003381372890614909e+00 -2.003381372890603807e+00 -1.988292387221370250e+00
3.125000000000000000e-01 -2.195312499999992006e+00 -2.117187499999995559e+00 -2.048254571407206903e+00 -2.048254571407206459e+00 -2.003731422700557818e+00
3.750000000000000000e-01 -2.281250000000002220e+00 -2.168749999999994849e+00 -2.103099591816390390e+00 -2.103099591816387282e+00 -2.022601354952928254e+00
4.375000000000000000e-01 -2.382812500000008438e+00 -2.229687499999997158e+00 -2.167916434118152047e+00 -2.167916434118144053e+00 -2.044902183978427157e+00
5.000000000000000000e-01 -2.499999999999998668e+00 -2.299999999999995381e+00 -2.242705098312486545e+00 -2.242705098312481660e+00 -2.092705098312491074e+00
5.625000000000000000e-01 -2.632812499999997335e+00 -2.379687500000006839e+00 -2.327465584399409870e+00 -2.327465584399402765e+00 -2.190746834399409870e+00
6.250000000000000000e-01 -2.781250000000004885e+00 -2.468750000000008438e+00 -2.422197892378898487e+00 -2.422197892378891826e+00 -2.300322892378898754e+00
6.875000000000000000e-01 -2.945312499999996891e+00 -2.567187499999994404e+00 -2.526902022250971491e+00 -2.526902022250962165e+00 -2.421433272250966162e+00
7.500000000000000000e-01 -3.124999999999996003e+00 -2.674999999999991385e+00 -2.641577974015614672e+00 -2.641577974015604902e+00 -2.554077974015619645e+00
8.125000000000000000e-01 -3.320312500000002220e+00 -2.792187499999998490e+00 -2.766225747672852453e+00 -2.766225747672851121e+00 -2.698256997672856095e+00
8.750000000000000000e-01 -3.531249999999998668e+00 -2.918750000000000178e+00 -2.900845343222655082e+00 -2.900845343222645312e+00 -2.853970343222654193e+00
9.375000000000000000e-01 -3.757812499999994227e+00 -3.054687500000003997e+00 -3.045436760665048315e+00 -3.045436760665031439e+00 -3.021218010665038367e+00
1.000000000000000000e+00 -3.999999999999998668e+00 -3.199999999999998845e+00 -3.199999999999998845e+00 -3.199999999999997513e+00 -3.199999999999997513e+00
